time: 28.971726655960083
gpu_load: 0.45545454545454545
gpu_free_mem: 17881.636363636364
gpu_used_mem: 6373.363636363636
