time: 34.31262254714966
gpu_load: 0.46181818181818185
gpu_free_mem: 18008.363636363636
gpu_used_mem: 6246.636363636364
