time: 22.594335079193115
gpu_load: 0.7245454545454545
gpu_free_mem: 18155.090909090908
gpu_used_mem: 6099.909090909091
