time: 25.164487600326535
gpu_load: 0.7127272727272728
gpu_free_mem: 18609.454545454544
gpu_used_mem: 5645.545454545455
