time: 28.78065013885498
gpu_load: 0.7336363636363636
gpu_free_mem: 18363.272727272728
gpu_used_mem: 5891.727272727273
