time: 22.431772470474243
gpu_load: 0.6809090909090909
gpu_free_mem: 18300.363636363636
gpu_used_mem: 5954.636363636364
