time: 28.844635486602783
gpu_load: 0.7554545454545455
gpu_free_mem: 18363.272727272728
gpu_used_mem: 5891.727272727273
