time: 29.002195119857788
gpu_load: 0.45454545454545453
gpu_free_mem: 17880.18181818182
gpu_used_mem: 6374.818181818182
