time: 26.850220680236816
gpu_load: 0.7345454545454545
gpu_free_mem: 18603.454545454544
gpu_used_mem: 5651.545454545455
