time: 33.835341930389404
gpu_load: 0.4454545454545455
gpu_free_mem: 18016.0
gpu_used_mem: 6239.0
