time: 25.094836950302124
gpu_load: 0.7781818181818182
gpu_free_mem: 18609.272727272728
gpu_used_mem: 5645.727272727273
