time: 33.31548285484314
gpu_load: 0.46181818181818185
gpu_free_mem: 18014.909090909092
gpu_used_mem: 6240.090909090909
