time: 26.34326457977295
gpu_load: 0.75
gpu_free_mem: 18603.454545454544
gpu_used_mem: 5651.545454545455
