time: 24.96508550643921
gpu_load: 0.7636363636363637
gpu_free_mem: 18609.272727272728
gpu_used_mem: 5645.727272727273
