{
  "camera_angle_x": 1.148083015021852,
  "camera_angle_y": 0.8938977322659848,
  "fl_x": 768.5345380605155,
  "fl_y": 769.8767467640513,
  "k1": 0.00575083727364794,
  "k2": -0.013013657929138547,
  "k3": 0,
  "k4": 0,
  "p1": -0.0033382501003748886,
  "p2": 0.0008671969741607072,
  "is_fisheye": false,
  "cx": 489.1072948394058,
  "cy": 369.1431893828703,
  "w": 994.0,
  "h": 738.0,
  "aabb_scale": 16,
  "frames": [
    {
      "file_path": "./images/frame_00001.jpg",
      "sharpness": 522.5197437549382,
      "transform_matrix": [
        [
          0.11536157662373928,
          -0.9061272735175104,
          -0.40697060201976015,
          -1.4441973701419522
        ],
        [
          0.9701595394514625,
          0.01481738378260354,
          0.24201428298095698,
          0.24974325412350543
        ],
        [
          -0.21326550279146583,
          -0.42274556107592187,
          0.8807973751147578,
          4.758814841081063
        ],
        [
          0.0,
          0.0,
          0.0,
          1.0
        ]
      ]
    },
    {
      "file_path": "./images/frame_00002.jpg",
      "sharpness": 825.5169341458106,
      "transform_matrix": [
        [
          0.1177916039354562,
          -0.9581540412852377,
          -0.26089455972250164,
          -1.016542002702234
        ],
        [
          0.9574335983363077,
          0.03985884228720566,
          0.2858884004046607,
          0.25936437839046456
        ],
        [
          -0.2635261710947287,
          -0.28346447033168837,
          0.9220639084722205,
          4.736843450107607
        ],
        [
          0.0,
          0.0,
          0.0,
          1.0
        ]
      ]
    },
    {
      "file_path": "./images/frame_00006.jpg",
      "sharpness": 736.3426323400798,
      "transform_matrix": [
        [
          -0.0036887274092319553,
          -0.990735263788372,
          0.13575724827059518,
          0.27211607513655806
        ],
        [
          0.9973673705752848,
          0.006186753764289433,
          0.07224992876968793,
          0.34993940430546344
        ],
        [
          -0.07242044890509554,
          0.13566636003674742,
          0.9881042037326349,
          4.244910421811033
        ],
        [
          0.0,
          0.0,
          0.0,
          1.0
        ]
      ]
    },
    {
      "file_path": "./images/frame_00003.jpg",
      "sharpness": 728.6301917209759,
      "transform_matrix": [
        [
          0.03227060983222203,
          -0.9872081378687931,
          -0.15613680010940653,
          -0.6129696638652836
        ],
        [
          0.9720253287721962,
          -0.0053639960600621464,
          0.23481479465568914,
          0.28784993309924845
        ],
        [
          -0.2326485933567035,
          -0.15934654108095167,
          0.9594182153545053,
          4.554083921867306
        ],
        [
          0.0,
          0.0,
          0.0,
          1.0
        ]
      ]
    },
    {
      "file_path": "./images/frame_00005.jpg",
      "sharpness": 712.2252559784708,
      "transform_matrix": [
        [
          -0.005544885370127675,
          -0.9935618344360816,
          0.11315535992589573,
          0.2061024913470224
        ],
        [
          0.9971464435165815,
          0.0030258240658204345,
          0.07543085965688918,
          0.34647753508668694
        ],
        [
          -0.07528761150502979,
          0.1132507201851133,
          0.9907098717741543,
          4.296860726714455
        ],
        [
          0.0,
          0.0,
          0.0,
          1.0
        ]
      ]
    },
    {
      "file_path": "./images/frame_00004.jpg",
      "sharpness": 812.9216844210193,
      "transform_matrix": [
        [
          0.00921454983991512,
          -0.999780730771841,
          0.018803790317095007,
          -0.16688475331730013
        ],
        [
          0.9825623561723518,
          0.012544905611266985,
          0.18550968059339215,
          0.3290601364381299
        ],
        [
          -0.18570489580357444,
          0.016766508321321143,
          0.9824625061408884,
          4.4803149676054295
        ],
        [
          0.0,
          0.0,
          0.0,
          1.0
        ]
      ]
    },
    {
      "file_path": "./images/frame_00007.jpg",
      "sharpness": 828.3715667981859,
      "transform_matrix": [
        [
          -0.0032993396229873267,
          -0.9771055121132254,
          0.21272971733568838,
          0.6505841805219428
        ],
        [
          0.9988863962915357,
          0.006791911597925249,
          0.04668872731373504,
          0.35940409008634205
        ],
        [
          -0.047064654246197414,
          0.2126468627015359,
          0.9759949949683248,
          3.99283712230529
        ],
        [
          0.0,
          0.0,
          0.0,
          1.0
        ]
      ]
    },
    {
      "file_path": "./images/frame_00008.jpg",
      "sharpness": 877.0430058680308,
      "transform_matrix": [
        [
          -0.005006616719626463,
          -0.9669039297181554,
          0.2550916003445224,
          0.8608577873116768
        ],
        [
          0.9992561806495633,
          0.004916580900577722,
          0.038248041564467025,
          0.37179360872495026
        ],
        [
          -0.0382363601828582,
          0.2550933515604419,
          0.9661601124290774,
          3.6421707519846724
        ],
        [
          0.0,
          0.0,
          0.0,
          1.0
        ]
      ]
    },
    {
      "file_path": "./images/frame_00009.jpg",
      "sharpness": 902.012177510113,
      "transform_matrix": [
        [
          -0.005693929292903949,
          -0.9634179666913483,
          0.2679429056855843,
          1.1202007566684455
        ],
        [
          0.999263723467927,
          0.004684828319041649,
          0.03807969750742348,
          0.3911491507098703
        ],
        [
          -0.03794193125726565,
          0.267962448717295,
          0.9626819495706981,
          3.308666027504085
        ],
        [
          0.0,
          0.0,
          0.0,
          1.0
        ]
      ]
    },
    {
      "file_path": "./images/frame_00010.jpg",
      "sharpness": 873.5541840937515,
      "transform_matrix": [
        [
          -0.0012804323238142304,
          -0.9575830840048889,
          0.2881544686491411,
          1.2158699767471624
        ],
        [
          0.9978509576020997,
          0.01765412961885137,
          0.06310149077157597,
          0.3983090130788803
        ],
        [
          -0.0655120364781349,
          0.28761600966733447,
          0.9555025924396374,
          2.9044970152383613
        ],
        [
          0.0,
          0.0,
          0.0,
          1.0
        ]
      ]
    },
    {
      "file_path": "./images/frame_00012.jpg",
      "sharpness": 1043.5599850263789,
      "transform_matrix": [
        [
          -0.02695752478274846,
          -0.9452497977241832,
          0.3252323966669014,
          1.4163971671511997
        ],
        [
          0.9783380328373412,
          0.041855087472819165,
          0.20273836631043823,
          0.42459809735894066
        ],
        [
          -0.20525103015736085,
          0.32365254770429785,
          0.9236455180875397,
          2.0584414377936593
        ],
        [
          0.0,
          0.0,
          0.0,
          1.0
        ]
      ]
    },
    {
      "file_path": "./images/frame_00013.jpg",
      "sharpness": 1214.6749779354784,
      "transform_matrix": [
        [
          -0.057397076535067384,
          -0.9298185198099371,
          0.3635149184083145,
          1.5761540692366818
        ],
        [
          0.9722915267474098,
          0.030588935509311063,
          0.23176173984767204,
          0.44767691815570304
        ],
        [
          -0.22661589228960258,
          0.3667449213346174,
          0.9022989527514662,
          1.661019921899263
        ],
        [
          0.0,
          0.0,
          0.0,
          1.0
        ]
      ]
    },
    {
      "file_path": "./images/frame_00014.jpg",
      "sharpness": 1107.1262412451754,
      "transform_matrix": [
        [
          -0.09695179856847631,
          -0.9042490861635039,
          0.4158532661991773,
          1.6265992060818188
        ],
        [
          0.9707757902110574,
          0.006245668839117636,
          0.23990697526014268,
          0.4771052914743869
        ],
        [
          -0.21953294492957987,
          0.42695969584694926,
          0.8772175923407867,
          1.227654074535476
        ],
        [
          0.0,
          0.0,
          0.0,
          1.0
        ]
      ]
    },
    {
      "file_path": "./images/frame_00011.jpg",
      "sharpness": 669.7158459252532,
      "transform_matrix": [
        [
          -0.004876551595538855,
          -0.9560810251509513,
          0.2930619263441783,
          1.3392399504802033
        ],
        [
          0.9946400962990314,
          0.025631422398063403,
          0.10017040000782185,
          0.4205966917559664
        ],
        [
          -0.10328261275217694,
          0.29197962876453715,
          0.9508315299720278,
          2.490768733865692
        ],
        [
          0.0,
          0.0,
          0.0,
          1.0
        ]
      ]
    },
    {
      "file_path": "./images/frame_00016.jpg",
      "sharpness": 1006.662133972823,
      "transform_matrix": [
        [
          -0.14209738146992673,
          -0.8097886926905478,
          0.5692544312094919,
          1.729344388499501
        ],
        [
          0.9710623487986432,
          -0.002519367859997138,
          0.2388128295315605,
          0.5153680273697356
        ],
        [
          -0.19195376770594286,
          0.5867162227721836,
          0.786713305530531,
          0.3753871490997605
        ],
        [
          0.0,
          0.0,
          0.0,
          1.0
        ]
      ]
    },
    {
      "file_path": "./images/frame_00015.jpg",
      "sharpness": 907.4275371273606,
      "transform_matrix": [
        [
          -0.12864989677425837,
          -0.8574938367350756,
          0.49815010198036763,
          1.7378941982908047
        ],
        [
          0.9712896345147795,
          -0.00758799866899739,
          0.23777903225046443,
          0.49969796661723653
        ],
        [
          -0.2001140923488161,
          0.5144382784401166,
          0.8338510705265771,
          0.8140697283143904
        ],
        [
          0.0,
          0.0,
          0.0,
          1.0
        ]
      ]
    },
    {
      "file_path": "./images/frame_00017.jpg",
      "sharpness": 1067.880872942808,
      "transform_matrix": [
        [
          -0.15744015961709282,
          -0.7664030284072929,
          0.6227672071244542,
          1.7863829102924824
        ],
        [
          0.9695343837734816,
          -0.00012208311977234015,
          0.24495522814242807,
          0.5421509953935884
        ],
        [
          -0.1876583993090186,
          0.6423600106115251,
          0.7430733086548584,
          -0.05271260040581075
        ],
        [
          0.0,
          0.0,
          0.0,
          1.0
        ]
      ]
    },
    {
      "file_path": "./images/frame_00020.jpg",
      "sharpness": 1065.9633054787084,
      "transform_matrix": [
        [
          -0.18743818206321805,
          -0.6835378624672993,
          0.7054381039894213,
          1.7670680052230514
        ],
        [
          0.9686845830873608,
          -0.009571129599194005,
          0.24810999976760964,
          0.6047713466261644
        ],
        [
          -0.16284073938042157,
          0.729852302965077,
          0.6639265844609259,
          -1.2381551236963741
        ],
        [
          0.0,
          0.0,
          0.0,
          1.0
        ]
      ]
    },
    {
      "file_path": "./images/frame_00018.jpg",
      "sharpness": 1086.7002043868818,
      "transform_matrix": [
        [
          -0.16985580257192306,
          -0.7359482263364444,
          0.6553847835940411,
          1.747988176343466
        ],
        [
          0.9700306828757778,
          -0.007604255482116623,
          0.24286343816173067,
          0.5511863656840824
        ],
        [
          -0.17375120322355572,
          0.6769951133804587,
          0.7151839874722352,
          -0.4502468924877307
        ],
        [
          0.0,
          0.0,
          0.0,
          1.0
        ]
      ]
    },
    {
      "file_path": "./images/frame_00019.jpg",
      "sharpness": 1076.1929110851654,
      "transform_matrix": [
        [
          -0.17616387036168804,
          -0.7111661755174392,
          0.6805945648187383,
          1.7812338871348534
        ],
        [
          0.9667818807147471,
          0.005083806467439643,
          0.25555224524758147,
          0.5615855367705376
        ],
        [
          -0.18520012394794694,
          0.7030055659821278,
          0.6866469896439897,
          -0.8438138226348304
        ],
        [
          0.0,
          0.0,
          0.0,
          1.0
        ]
      ]
    },
    {
      "file_path": "./images/frame_00021.jpg",
      "sharpness": 1022.5533125237641,
      "transform_matrix": [
        [
          -0.18465031049552413,
          -0.6808434291660063,
          0.7087711110627313,
          1.8021244058164376
        ],
        [
          0.9711544575527623,
          -0.015690651648582146,
          0.23793449317798424,
          0.6262669756369691
        ],
        [
          -0.15087505564991066,
          0.7322609019361054,
          0.6641014148288631,
          -1.3364737329108183
        ],
        [
          0.0,
          0.0,
          0.0,
          1.0
        ]
      ]
    },
    {
      "file_path": "./images/frame_00022.jpg",
      "sharpness": 1038.2808853609145,
      "transform_matrix": [
        [
          -0.19886571472118406,
          -0.6431602740068483,
          0.7394574291530156,
          1.9734466416590286
        ],
        [
          0.9674427729039727,
          -0.00830719187380567,
          0.25295349718212146,
          0.6984489031134876
        ],
        [
          -0.15654682581215854,
          0.7656865237125822,
          0.6238727745561744,
          -1.7441592503861587
        ],
        [
          0.0,
          0.0,
          0.0,
          1.0
        ]
      ]
    },
    {
      "file_path": "./images/frame_00023.jpg",
      "sharpness": 945.0537161215711,
      "transform_matrix": [
        [
          -0.1910916131013117,
          -0.5939942935341402,
          0.7814440317341571,
          2.0623201700457736
        ],
        [
          0.972115632307413,
          -0.004282016394902878,
          0.23446292196587046,
          0.799297729262793
        ],
        [
          -0.13592348153748285,
          0.8044578569930095,
          0.5782493956661641,
          -2.1560619286479166
        ],
        [
          0.0,
          0.0,
          0.0,
          1.0
        ]
      ]
    },
    {
      "file_path": "./images/frame_00024.jpg",
      "sharpness": 988.0990639618146,
      "transform_matrix": [
        [
          -0.1680265456575143,
          -0.5217389384707191,
          0.8363943807317029,
          2.340341546681377
        ],
        [
          0.981256683092871,
          -0.007313383849924298,
          0.19256644650577773,
          0.8563538243438907
        ],
        [
          -0.09435254022879233,
          0.8530738506102149,
          0.5131886628295435,
          -2.4831367435265466
        ],
        [
          0.0,
          0.0,
          0.0,
          1.0
        ]
      ]
    },
    {
      "file_path": "./images/frame_00025.jpg",
      "sharpness": 931.7633811988815,
      "transform_matrix": [
        [
          -0.16336793250808063,
          -0.5058819725766748,
          0.8469913509190553,
          2.365280067211553
        ],
        [
          0.9827736153426665,
          -0.008251694074236662,
          0.18462917036273435,
          0.857629970462285
        ],
        [
          -0.08641145538698651,
          0.8625632379495312,
          0.4985155173264556,
          -2.5236152642449987
        ],
        [
          0.0,
          0.0,
          0.0,
          1.0
        ]
      ]
    },
    {
      "file_path": "./images/frame_00026.jpg",
      "sharpness": 926.3116140577022,
      "transform_matrix": [
        [
          -0.12877059252889544,
          -0.3726479726945778,
          0.918994898260103,
          2.4095436865665953
        ],
        [
          0.9908300608523821,
          -0.010114369639138518,
          0.13473488804199757,
          0.904444999646409
        ],
        [
          -0.040913628782596134,
          0.9279176623335686,
          0.3705332468329735,
          -2.951740455958699
        ],
        [
          0.0,
          0.0,
          0.0,
          1.0
        ]
      ]
    },
    {
      "file_path": "./images/frame_00029.jpg",
      "sharpness": 898.7201692529362,
      "transform_matrix": [
        [
          -0.1453725597571411,
          0.17513566431391692,
          0.9737526986030375,
          2.286709029894065
        ],
        [
          0.9892919736674795,
          0.012829264900833297,
          0.14538500891367406,
          0.8344945994591556
        ],
        [
          0.012969568799101402,
          0.9844607199611287,
          -0.17512533008711662,
          -3.962940870708173
        ],
        [
          0.0,
          0.0,
          0.0,
          1.0
        ]
      ]
    },
    {
      "file_path": "./images/frame_00028.jpg",
      "sharpness": 966.1386337144032,
      "transform_matrix": [
        [
          -0.12231769659053246,
          -0.02924668568616442,
          0.9920599843552199,
          2.4017562676329463
        ],
        [
          0.9924030299127657,
          0.009703965173157261,
          0.1226460733064957,
          0.8776221644832461
        ],
        [
          -0.01321390669450333,
          0.9995251195120554,
          0.027837532822080548,
          -3.708942625405456
        ],
        [
          0.0,
          0.0,
          0.0,
          1.0
        ]
      ]
    },
    {
      "file_path": "./images/frame_00027.jpg",
      "sharpness": 978.4474352684349,
      "transform_matrix": [
        [
          -0.11724061321692997,
          -0.2133352648363759,
          0.9699189159261872,
          2.449803704123219
        ],
        [
          0.9926544976953945,
          0.004192665531641362,
          0.12091099941058081,
          0.9040124827292659
        ],
        [
          -0.029861125688177823,
          0.9769700540095392,
          0.21127665947892357,
          -3.354751844537424
        ],
        [
          0.0,
          0.0,
          0.0,
          1.0
        ]
      ]
    },
    {
      "file_path": "./images/frame_00030.jpg",
      "sharpness": 739.1674825389157,
      "transform_matrix": [
        [
          -0.16256170310012005,
          0.35061590246348234,
          0.9223026519026304,
          2.223752701643261
        ],
        [
          0.9860260631422454,
          0.02322527633299667,
          0.16496420630270806,
          0.8418964941623321
        ],
        [
          0.03641834011390187,
          0.936231315208331,
          -0.34949195845679587,
          -4.260996378605904
        ],
        [
          0.0,
          0.0,
          0.0,
          1.0
        ]
      ]
    },
    {
      "file_path": "./images/frame_00031.jpg",
      "sharpness": 804.7452021194573,
      "transform_matrix": [
        [
          -0.22772487688713908,
          0.5152101958605869,
          0.8262565186488702,
          2.1742158768782494
        ],
        [
          0.9681496720837581,
          0.029122855174702166,
          0.2486726196592757,
          0.8060030647192169
        ],
        [
          0.10405572015005607,
          0.8565689192840823,
          -0.5054325807858969,
          -4.4981040283393865
        ],
        [
          0.0,
          0.0,
          0.0,
          1.0
        ]
      ]
    },
    {
      "file_path": "./images/frame_00032.jpg",
      "sharpness": 821.5009153511705,
      "transform_matrix": [
        [
          -0.25137371241954537,
          0.6793871937140299,
          0.6893796470766368,
          1.9760508948528905
        ],
        [
          0.9497541936735353,
          0.03590608769101895,
          0.31093041743110256,
          0.8064915641491911
        ],
        [
          0.1864892176785113,
          0.7329009441780328,
          -0.6542766829193477,
          -4.756825633257802
        ],
        [
          0.0,
          0.0,
          0.0,
          1.0
        ]
      ]
    },
    {
      "file_path": "./images/frame_00033.jpg",
      "sharpness": 732.9226607805191,
      "transform_matrix": [
        [
          -0.18201524691536683,
          0.8006161634603634,
          0.5708626881992425,
          1.7555037178562354
        ],
        [
          0.9556244216104527,
          0.007269716387892415,
          0.29449807480346823,
          0.820776066583754
        ],
        [
          0.2316299089559775,
          0.5991334660308427,
          -0.7664115573621362,
          -5.101668690996607
        ],
        [
          0.0,
          0.0,
          0.0,
          1.0
        ]
      ]
    },
    {
      "file_path": "./images/frame_00034.jpg",
      "sharpness": 851.2199585181246,
      "transform_matrix": [
        [
          -0.16630579660740522,
          0.8982652028166028,
          0.4067702146241066,
          1.4838073426213163
        ],
        [
          0.9450470680692549,
          0.027440590221152663,
          0.32578068260663,
          0.8308861072160001
        ],
        [
          0.28147543616170545,
          0.4385962146486133,
          -0.8534664254865711,
          -5.291904362779004
        ],
        [
          0.0,
          0.0,
          0.0,
          1.0
        ]
      ]
    },
    {
      "file_path": "./images/frame_00035.jpg",
      "sharpness": 758.8243234367186,
      "transform_matrix": [
        [
          -0.11166652169321921,
          0.9678615585276079,
          0.22533218043405565,
          1.1024574534707963
        ],
        [
          0.9420935209289726,
          0.03095242468972725,
          0.333918770432421,
          0.8193025399670372
        ],
        [
          0.3162125642272884,
          0.24957153486598704,
          -0.9152724530481502,
          -5.535499324465613
        ],
        [
          0.0,
          0.0,
          0.0,
          1.0
        ]
      ]
    },
    {
      "file_path": "./images/frame_00036.jpg",
      "sharpness": 733.5489329844943,
      "transform_matrix": [
        [
          -0.0720695865569074,
          0.9893061252587618,
          0.12680443722807602,
          0.7602084208447182
        ],
        [
          0.9457528263763642,
          0.027402740778408565,
          0.3237293332655727,
          0.8353257243466512
        ],
        [
          0.3167926232026532,
          0.14325669411031028,
          -0.9376139683133495,
          -5.7232192558477175
        ],
        [
          0.0,
          0.0,
          0.0,
          1.0
        ]
      ]
    },
    {
      "file_path": "./images/frame_00037.jpg",
      "sharpness": 767.331613076389,
      "transform_matrix": [
        [
          -0.057551805208229306,
          0.9954797321410193,
          0.07555059692310458,
          0.3281636466420768
        ],
        [
          0.9444546654537668,
          0.029762554896065614,
          0.32729126973736117,
          0.8845751768030569
        ],
        [
          0.32356324674188786,
          0.09019031714412172,
          -0.9418983661471291,
          -5.78800001021605
        ],
        [
          0.0,
          0.0,
          0.0,
          1.0
        ]
      ]
    },
    {
      "file_path": "./images/frame_00038.jpg",
      "sharpness": 732.7269660570147,
      "transform_matrix": [
        [
          -0.055872464443845055,
          0.9961150111690119,
          0.06806726322138207,
          -0.047943779091422875
        ],
        [
          0.9596387524961615,
          0.034756219338733074,
          0.27907968385841103,
          0.9499931006307513
        ],
        [
          0.2756297016733558,
          0.08091285327697353,
          -0.9578524822901364,
          -5.956596015408381
        ],
        [
          0.0,
          0.0,
          0.0,
          1.0
        ]
      ]
    },
    {
      "file_path": "./images/frame_00040.jpg",
      "sharpness": 803.6913747496155,
      "transform_matrix": [
        [
          -0.05030137022900175,
          0.9963972696499671,
          0.06828069470131577,
          -0.8418663190838251
        ],
        [
          0.9908555954374934,
          0.04121739700873266,
          0.12847690528517788,
          0.9422757778543571
        ],
        [
          0.12519968513769245,
          0.07411887278378401,
          -0.9893591014581228,
          -5.999757597698403
        ],
        [
          0.0,
          0.0,
          0.0,
          1.0
        ]
      ]
    },
    {
      "file_path": "./images/frame_00039.jpg",
      "sharpness": 588.2732845963137,
      "transform_matrix": [
        [
          -0.05491701082446711,
          0.99660059233339,
          0.06141157353918505,
          -0.44362607061825127
        ],
        [
          0.9832680472267096,
          0.04327855292274611,
          0.1769489027304442,
          0.9929588753094909
        ],
        [
          0.17368957723841946,
          0.07010154279761938,
          -0.9823022470479603,
          -5.985265500205869
        ],
        [
          0.0,
          0.0,
          0.0,
          1.0
        ]
      ]
    },
    {
      "file_path": "./images/frame_00041.jpg",
      "sharpness": 784.7610145966493,
      "transform_matrix": [
        [
          -0.04907144606471085,
          0.9963943050714479,
          0.06921258616770608,
          -0.9971018420450493
        ],
        [
          0.9917773656841976,
          0.040409311473034004,
          0.12142793945550868,
          0.9176760061978522
        ],
        [
          0.11819327439772444,
          0.07460212096333799,
          -0.9901842624149582,
          -6.022478245142597
        ],
        [
          0.0,
          0.0,
          0.0,
          1.0
        ]
      ]
    },
    {
      "file_path": "./images/frame_00042.jpg",
      "sharpness": 740.5113148750816,
      "transform_matrix": [
        [
          -0.04855625899947002,
          0.9985039083239738,
          0.02514428077005978,
          -0.6143603302060081
        ],
        [
          0.9899760922227212,
          0.044768387425152115,
          0.1339519627792123,
          0.8610567037550901
        ],
        [
          0.1326258894596701,
          0.031396443016689465,
          -0.9906687826464861,
          -6.094507168096587
        ],
        [
          0.0,
          0.0,
          0.0,
          1.0
        ]
      ]
    },
    {
      "file_path": "./images/frame_00043.jpg",
      "sharpness": 722.8496675667955,
      "transform_matrix": [
        [
          -0.047567132994913525,
          0.9985872648289876,
          0.02368211269552955,
          -0.4800494925715219
        ],
        [
          0.9885994025832234,
          0.04367402966307788,
          0.1440964967051737,
          0.8755424062304877
        ],
        [
          0.1428586332239097,
          0.030266379685585158,
          -0.9892802218145598,
          -6.118725396289959
        ],
        [
          0.0,
          0.0,
          0.0,
          1.0
        ]
      ]
    },
    {
      "file_path": "./images/frame_00044.jpg",
      "sharpness": 733.2140398600397,
      "transform_matrix": [
        [
          -0.054963295110632845,
          0.99728034355345,
          0.0491014524654083,
          -0.06681305078484576
        ],
        [
          0.9865154980715687,
          0.04664596900530768,
          0.15687997213724364,
          0.8744906045669129
        ],
        [
          0.15416292767986903,
          0.057061984040476924,
          -0.986396330997777,
          -6.102318791699385
        ],
        [
          0.0,
          0.0,
          0.0,
          1.0
        ]
      ]
    },
    {
      "file_path": "./images/frame_00045.jpg",
      "sharpness": 702.1442398754895,
      "transform_matrix": [
        [
          -0.05721222202417678,
          0.9969816286680283,
          0.05248231922485412,
          0.031049083009148704
        ],
        [
          0.9852675724699593,
          0.047897603231916476,
          0.16417560799769604,
          0.8857297659345384
        ],
        [
          0.16116628774618394,
          0.06110197859598387,
          -0.9850339973854252,
          -6.054991988109966
        ],
        [
          0.0,
          0.0,
          0.0,
          1.0
        ]
      ]
    },
    {
      "file_path": "./images/frame_00046.jpg",
      "sharpness": 764.8978820560133,
      "transform_matrix": [
        [
          -0.05790550109458167,
          0.9940170367022504,
          0.09261254650629538,
          0.38313308038717103
        ],
        [
          0.9837888951423194,
          0.04104497813687739,
          0.1745700993355372,
          0.9071547450096926
        ],
        [
          0.1697243728917768,
          0.10121976388190015,
          -0.9802796523163815,
          -5.859885703939117
        ],
        [
          0.0,
          0.0,
          0.0,
          1.0
        ]
      ]
    },
    {
      "file_path": "./images/frame_00047.jpg",
      "sharpness": 777.9489314226319,
      "transform_matrix": [
        [
          -0.0712899072763168,
          0.9829872120283976,
          0.1692745999578511,
          0.7667867990931126
        ],
        [
          0.9828484643777028,
          0.04028995689663484,
          0.17996003851211112,
          0.8945111370324043
        ],
        [
          0.17007835019754633,
          0.17920061508569476,
          -0.9689997391363578,
          -5.669996374936931
        ],
        [
          0.0,
          0.0,
          0.0,
          1.0
        ]
      ]
    },
    {
      "file_path": "./images/frame_00048.jpg",
      "sharpness": 623.1328713410636,
      "transform_matrix": [
        [
          -0.08367474979508423,
          0.9577024751411906,
          0.2753261800789835,
          1.0024786903375367
        ],
        [
          0.980220091377407,
          0.029375838609961638,
          0.19571824795774911,
          0.8593317910614164
        ],
        [
          0.17935191306833623,
          0.28625692882381054,
          -0.941217223640976,
          -5.309359344516833
        ],
        [
          0.0,
          0.0,
          0.0,
          1.0
        ]
      ]
    },
    {
      "file_path": "./images/frame_00049.jpg",
      "sharpness": 731.3582628256602,
      "transform_matrix": [
        [
          -0.10646842664485609,
          0.8957040312960677,
          0.43171606702722964,
          1.3871780335902277
        ],
        [
          0.9759647351060888,
          0.011106860829015902,
          0.21764529282630643,
          0.8216516564216102
        ],
        [
          0.19015075590301436,
          0.44451200889114856,
          -0.8753580776347515,
          -5.084330208429962
        ],
        [
          0.0,
          0.0,
          0.0,
          1.0
        ]
      ]
    },
    {
      "file_path": "./images/frame_00050.jpg",
      "sharpness": 741.2824439752097,
      "transform_matrix": [
        [
          -0.1402431720798399,
          0.8115675137920444,
          0.5671772415428025,
          1.7076648931855396
        ],
        [
          0.9734959336852437,
          0.008501981897639042,
          0.22854623912838623,
          0.8147733999829183
        ],
        [
          0.18065857243559671,
          0.5841967878630142,
          -0.7912500194978883,
          -4.8339467713839595
        ],
        [
          0.0,
          0.0,
          0.0,
          1.0
        ]
      ]
    },
    {
      "file_path": "./images/frame_00051.jpg",
      "sharpness": 836.7273750180508,
      "transform_matrix": [
        [
          -0.17586501834469076,
          0.7114448560416742,
          0.6803805642551685,
          2.0878761721396697
        ],
        [
          0.9691011623072032,
          0.0036891657458001637,
          0.24663602187950906,
          0.7836383640605663
        ],
        [
          0.1729578924090002,
          0.7027322441432158,
          -0.6901108321090288,
          -4.590875928986408
        ],
        [
          0.0,
          0.0,
          0.0,
          1.0
        ]
      ]
    },
    {
      "file_path": "./images/frame_00052.jpg",
      "sharpness": 964.2447604931577,
      "transform_matrix": [
        [
          -0.19147881206938627,
          0.6589442919621135,
          0.7274120460239604,
          2.3941997837316267
        ],
        [
          0.966506830933871,
          -0.0024427520839629077,
          0.25662926321455154,
          0.7763996647118684
        ],
        [
          0.1708812754369962,
          0.7521877778483053,
          -0.6364064241190484,
          -4.322838841319756
        ],
        [
          0.0,
          0.0,
          0.0,
          1.0
        ]
      ]
    },
    {
      "file_path": "./images/frame_00053.jpg",
      "sharpness": 1013.5275227878891,
      "transform_matrix": [
        [
          -0.1889064894099513,
          0.6352161397708337,
          0.7488756866898315,
          2.5291848690845913
        ],
        [
          0.967376417006524,
          -0.01071936033666261,
          0.25311650114367173,
          0.7610868925136264
        ],
        [
          0.168811155101777,
          0.7722600282160903,
          -0.6124681565863053,
          -3.941726469939874
        ],
        [
          0.0,
          0.0,
          0.0,
          1.0
        ]
      ]
    },
    {
      "file_path": "./images/frame_00054.jpg",
      "sharpness": 1011.6711062784474,
      "transform_matrix": [
        [
          -0.20317885573162875,
          0.6328840980263654,
          0.7471118196967961,
          2.5802804799309675
        ],
        [
          0.9628055580843528,
          -0.00966242140774828,
          0.27002239713038395,
          0.7270487278046046
        ],
        [
          0.17811179049540024,
          0.7741862541854532,
          -0.607381127477764,
          -3.5000436012388954
        ],
        [
          0.0,
          0.0,
          0.0,
          1.0
        ]
      ]
    },
    {
      "file_path": "./images/frame_00055.jpg",
      "sharpness": 854.7451321249423,
      "transform_matrix": [
        [
          -0.23386249623208685,
          0.650026176005614,
          0.7230313295046995,
          2.619111145590652
        ],
        [
          0.9507846502188101,
          -0.002572885704367434,
          0.30984178088997116,
          0.7268909917013835
        ],
        [
          0.20326554497016974,
          0.7599074620362908,
          -0.6174332089132253,
          -3.057643795922518
        ],
        [
          0.0,
          0.0,
          0.0,
          1.0
        ]
      ]
    },
    {
      "file_path": "./images/frame_00056.jpg",
      "sharpness": 812.3705001924197,
      "transform_matrix": [
        [
          -0.2261597320828304,
          0.675932548374318,
          0.701403568364277,
          2.6709480440362054
        ],
        [
          0.9500687893161692,
          -0.005859244815275076,
          0.3119855202331111,
          0.7308881535060372
        ],
        [
          0.21499086296840794,
          0.7369402006875327,
          -0.640857292655751,
          -2.6696138480971903
        ],
        [
          0.0,
          0.0,
          0.0,
          1.0
        ]
      ]
    },
    {
      "file_path": "./images/frame_00057.jpg",
      "sharpness": 804.5050615288977,
      "transform_matrix": [
        [
          -0.2214927818030726,
          0.7183248641102066,
          0.6595076476371661,
          2.6154083980555844
        ],
        [
          0.9485428642841262,
          0.0017629323468280654,
          0.31664384835778525,
          0.7419446082254368
        ],
        [
          0.22629048197793886,
          0.6957055999206397,
          -0.6817524008792306,
          -2.280662961555315
        ],
        [
          0.0,
          0.0,
          0.0,
          1.0
        ]
      ]
    },
    {
      "file_path": "./images/frame_00058.jpg",
      "sharpness": 755.9160334605643,
      "transform_matrix": [
        [
          -0.19294872310393574,
          0.7599038708846367,
          0.6207389929340872,
          2.514736497172074
        ],
        [
          0.9563708499684336,
          0.004207202948937199,
          0.29212513892444125,
          0.7692068216381942
        ],
        [
          0.21937544892980254,
          0.6500218508229533,
          -0.7275616853290793,
          -1.8452052628067952
        ],
        [
          0.0,
          0.0,
          0.0,
          1.0
        ]
      ]
    },
    {
      "file_path": "./images/frame_00059.jpg",
      "sharpness": 670.3527983287318,
      "transform_matrix": [
        [
          -0.15598057917468933,
          0.7829297401123717,
          0.6022383922082853,
          2.485059252188571
        ],
        [
          0.9718509967910477,
          0.012657098918017907,
          0.23525611129330606,
          0.7947823675479033
        ],
        [
          0.17656641517230703,
          0.6219813662673751,
          -0.7628653099654678,
          -1.4577934994935497
        ],
        [
          0.0,
          0.0,
          0.0,
          1.0
        ]
      ]
    },
    {
      "file_path": "./images/frame_00060.jpg",
      "sharpness": 537.298741467992,
      "transform_matrix": [
        [
          -0.08010221283364156,
          0.8028254238889482,
          0.5908087459901067,
          2.298056602912878
        ],
        [
          0.9931650002627859,
          0.013801238958439764,
          0.11589999169048457,
          0.7844431466419909
        ],
        [
          0.08489356727549326,
          0.5960544141683293,
          -0.7984436221080553,
          -1.092288737595756
        ],
        [
          0.0,
          0.0,
          0.0,
          1.0
        ]
      ]
    },
    {
      "file_path": "./images/frame_00061.jpg",
      "sharpness": 472.03928616685494,
      "transform_matrix": [
        [
          -0.05937742654762406,
          0.8864918700832344,
          0.45891882242356247,
          2.1320574923320437
        ],
        [
          0.9949678092234207,
          0.01538970358941447,
          0.0990061394570994,
          0.7095349357043201
        ],
        [
          0.08070551306834384,
          0.4624881851315418,
          -0.8829446748655592,
          -0.6845319468182818
        ],
        [
          0.0,
          0.0,
          0.0,
          1.0
        ]
      ]
    },
    {
      "file_path": "./images/frame_00062.jpg",
      "sharpness": 603.9858944838473,
      "transform_matrix": [
        [
          -0.06880961677797832,
          0.9013713691383545,
          0.42754519248640166,
          2.1137275383867222
        ],
        [
          0.9932535988853486,
          0.02180034972544752,
          0.11389483338050513,
          0.7078187661606884
        ],
        [
          0.09334090718233336,
