{
  "camera_angle_x": 0.7451157449303739,
  "camera_angle_y": 1.215311438270711,
  "fl_x": 1381.7499764254533,
  "fl_y": 1380.4306934221052,
  "k1": 0.09085083191768245,
  "k2": -0.11550309626378964,
  "k3": 0,
  "k4": 0,
  "p1": 0.0005042178097821872,
  "p2": -0.0005928802132298302,
  "is_fisheye": false,
  "cx": 536.0074239735868,
  "cy": 938.5778053262298,
  "w": 1080.0,
  "h": 1920.0,
  "aabb_scale": 64,
  "frames": [
    {
      "file_path": "./images/0001.png",
      "sharpness": 2376.9465817810465,
      "transform_matrix": [
        [
          0.03332081978822,
          0.005537215294262344,
          0.9994293682969546,
          2.4371831500207386
        ],
        [
          0.9994107826019316,
          -0.008423767995196736,
          -0.03327352929518183,
          -2.8964140681386024
        ],
        [
          0.008234718430812209,
          0.9999491883983764,
          -0.005814639525979936,
          -0.24810817671218924
        ],
        [
          0.0,
          0.0,
          0.0,
          1.0
        ]
      ]
    },
    {
      "file_path": "./images/0002.png",
      "sharpness": 2480.31285542039,
      "transform_matrix": [
        [
          0.02957564779915702,
          0.00541112549616293,
          0.9995478981905515,
          2.4359485327287715
        ],
        [
          0.9995153282282293,
          -0.00987964538946676,
          -0.029521199904360036,
          -2.898585359717239
        ],
        [
          0.009715435866429667,
          0.9999365541507454,
          -0.005700699788800961,
          -0.24864004187326244
        ],
        [
          0.0,
          0.0,
          0.0,
          1.0
        ]
      ]
    },
    {
      "file_path": "./images/0003.png",
      "sharpness": 2468.4110894706296,
      "transform_matrix": [
        [
          0.017290235104060896,
          0.005696468739697394,
          0.9998342852757991,
          2.436145806886624
        ],
        [
          0.9997988719361617,
          -0.01026171955894684,
          -0.017231157444360812,
          -2.9061127314366364
        ],
        [
          0.010161862291189698,
          0.9999311213051701,
          -0.005872750563715288,
          -0.24854634095188494
        ],
        [
          0.0,
          0.0,
          0.0,
          1.0
        ]
      ]
    },
    {
      "file_path": "./images/0004.png",
      "sharpness": 2310.9937376627768,
      "transform_matrix": [
        [
          0.0110497892788523,
          0.0047079114034348744,
          0.999927866261429,
          2.432648629961075
        ],
        [
          0.9998778829988847,
          -0.011103421869278048,
          -0.010996959237059001,
          -2.923989862403954
        ],
        [
          0.01105084822815243,
          0.999927272151347,
          -0.004830026959342587,
          -0.24928551491959625
        ],
        [
          0.0,
          0.0,
          0.0,
          1.0
        ]
      ]
    },
    {
      "file_path": "./images/0006.png",
      "sharpness": 2029.950948439627,
      "transform_matrix": [
        [
          0.058225063387617675,
          0.0022636579822434026,
          0.9983009154784299,
          2.38658286508182
        ],
        [
          0.9982204222405905,
          -0.013031389194295391,
          -0.058190819872936256,
          -2.9874918279444582
        ],
        [
          0.012877523648722147,
          0.9999125255477253,
          -0.003018383088709951,
          -0.25690914912005197
        ],
        [
          0.0,
          0.0,
          0.0,
          1.0
        ]
      ]
    },
    {
      "file_path": "./images/0005.png",
      "sharpness": 2009.3007218153032,
      "transform_matrix": [
        [
          0.011232597319517685,
          0.005294976419544885,
          0.9999228930178555,
          2.419544103669135
        ],
        [
          0.9998756492118457,
          -0.011128663167147106,
          -0.0111731360549284,
          -2.950347292771741
        ],
        [
          0.011068643577571773,
          0.9999240551561167,
          -0.005419321777115062,
          -0.2516450378840463
        ],
        [
          0.0,
          0.0,
          0.0,
          1.0
        ]
      ]
    },
    {
      "file_path": "./images/0007.png",
      "sharpness": 1917.4103971235688,
      "transform_matrix": [
        [
          0.11074436392223957,
          0.004889598115345365,
          0.9938368969246177,
          2.3556656427387543
        ],
        [
          0.9937576181647122,
          -0.014099542903115653,
          -0.11066616117640087,
          -3.032928323821471
        ],
        [
          0.013471532913767332,
          0.999888641159213,
          -0.006420520287288241,
          -0.2518006860754149
        ],
        [
          0.0,
          0.0,
          0.0,
          1.0
        ]
      ]
    },
    {
      "file_path": "./images/0008.png",
      "sharpness": 1872.3021032564038,
      "transform_matrix": [
        [
          0.12022988695183494,
          0.011241062751380256,
          0.9926824330020112,
          2.328340245796389
        ],
        [
          0.9926754052618105,
          -0.013292502963152892,
          -0.12007851245445622,
          -3.0941637927864667
        ],
        [
          0.011845424088556112,
          0.9998484624542952,
          -0.012756882650866734,
          -0.25280791308878137
        ],
        [
          0.0,
          0.0,
          0.0,
          1.0
        ]
      ]
    },
    {
      "file_path": "./images/0009.png",
      "sharpness": 2000.7830314527905,
      "transform_matrix": [
        [
          0.1941207113474537,
          0.018266435691465324,
          0.9808075686657971,
          2.3015723904774106
        ],
        [
          0.9809159366510589,
          -0.014829242354184735,
          -0.19386598153151213,
          -3.1558267009173266
        ],
        [
          0.011003392654155602,
          0.9997231771332273,
          -0.020796500950108262,
          -0.2489899380774615
        ],
        [
          0.0,
          0.0,
          0.0,
          1.0
        ]
      ]
    },
    {
      "file_path": "./images/0011.png",
      "sharpness": 2275.6730356513112,
      "transform_matrix": [
        [
          0.22326798267363215,
          0.03404834551580126,
          0.9741622647585498,
          2.2264271027203413
        ],
        [
          0.9746964000901798,
          -0.018951396971695067,
          -0.22272802294292673,
          -3.255256124373475
        ],
        [
          0.010878215113072692,
          0.9992404889312093,
          -0.03741803997399574,
          -0.24419447388202029
        ],
        [
          0.0,
          0.0,
          0.0,
          1.0
        ]
      ]
    },
    {
      "file_path": "./images/0010.png",
      "sharpness": 2100.460525011371,
      "transform_matrix": [
        [
          0.2153392144608055,
          0.0183775666235304,
          0.9763663696376607,
          2.2654971494488936
        ],
        [
          0.9764761133325081,
          -0.01542668974816165,
          -0.21507305115809555,
          -3.2023387920081956
        ],
        [
          0.011109581738355225,
          0.9997120997004266,
          -0.02126722608115397,
          -0.25117094483505403
        ],
        [
          0.0,
          0.0,
          0.0,
          1.0
        ]
      ]
    },
    {
      "file_path": "./images/0014.png",
      "sharpness": 2499.514010744575,
      "transform_matrix": [
        [
          0.2831156107658903,
          0.06023773081597716,
          0.9571922308114615,
          2.111705143938106
        ],
        [
          0.959031032185993,
          -0.02844527694665719,
          -0.28186937670434686,
          -3.421468477844514
        ],
        [
          0.010248426457436897,
          0.9977786738573812,
          -0.0658231551171464,
          -0.24562173557481054
        ],
        [
          0.0,
          0.0,
          0.0,
          1.0
        ]
      ]
    },
    {
      "file_path": "./images/0012.png",
      "sharpness": 2331.3641353823564,
      "transform_matrix": [
        [
          0.2255124608529299,
          0.047690366500931475,
          0.9730723297587321,
          2.19630941692019
        ],
        [
          0.9741639185074595,
          -0.023543731068488893,
          -0.22461155937655264,
          -3.3132704360449847
        ],
        [
          0.012197945655013987,
          0.9985846592399694,
          -0.05176763903651888,
          -0.2464995714121199
        ],
        [
          0.0,
          0.0,
          0.0,
          1.0
        ]
      ]
    },
    {
      "file_path": "./images/0015.png",
      "sharpness": 2423.1893407275447,
      "transform_matrix": [
        [
          0.33185906591092607,
          0.06541173315237998,
          0.9410583752019601,
          2.0583887389074462
        ],
        [
          0.943260492455363,
          -0.03503053979109762,
          -0.3302007035952681,
          -3.4693313418422145
        ],
        [
          0.011366782547956119,
          0.9972432834805011,
          -0.07332550583910201,
          -0.2407774747548422
        ],
        [
          0.0,
          0.0,
          0.0,
          1.0
        ]
      ]
    },
    {
      "file_path": "./images/0013.png",
      "sharpness": 2302.7206820241718,
      "transform_matrix": [
        [
          0.2518319812570866,
          0.058601961505608126,
          0.9659950638190907,
          2.1487963351003354
        ],
        [
          0.9677088450631474,
          -0.026558328263322346,
          -0.25066760138958255,
          -3.385467377219224
        ],
        [
          0.010965600878320976,
          0.997928086239974,
          -0.06339787291245572,
          -0.24117542727095953
        ],
        [
          0.0,
          0.0,
          0.0,
          1.0
        ]
      ]
    },
    {
      "file_path": "./images/0016.png",
      "sharpness": 2370.993754300609,
      "transform_matrix": [
        [
          0.3560290113771848,
          0.0696346297768848,
          0.9318767951787644,
          2.0111085023774176
        ],
        [
          0.9344095810725295,
          -0.038319254114459946,
          -0.3541332652603696,
          -3.5281457808832157
        ],
        [
          0.011048884899738402,
          0.9968363221206241,
          -0.07871003139704198,
          -0.24387262567805512
        ],
        [
          0.0,
          0.0,
          0.0,
          1.0
        ]
      ]
    },
    {
      "file_path": "./images/0017.png",
      "sharpness": 2308.439738607365,
      "transform_matrix": [
        [
          0.4288581866310988,
          0.06693428247492626,
          0.900888704329273,
          1.9509715903333342
        ],
        [
          0.9033351515778886,
          -0.040760381338476454,
          -0.42699437377662836,
          -3.5875659447063195
        ],
        [
          0.008140005102418003,
          0.9969244671196177,
          -0.07794451343245591,
          -0.24138314427244942
        ],
        [
          0.0,
          0.0,
          0.0,
          1.0
        ]
      ]
    },
    {
      "file_path": "./images/0018.png",
      "sharpness": 2380.053345326251,
      "transform_matrix": [
        [
          0.4457632686985624,
          0.06311818684612185,
          0.8929228425611336,
          1.8990346966074418
        ],
        [
          0.895101068821697,
          -0.04195323122838641,
          -0.44388512363420435,
          -3.6209761850095847
        ],
        [
          0.00944377431131767,
          0.9971238743896272,
          -0.07519836599288346,
          -0.24644276349430025
        ],
        [
          0.0,
          0.0,
          0.0,
          1.0
        ]
      ]
    },
    {
      "file_path": "./images/0019.png",
      "sharpness": 2290.6445715077493,
      "transform_matrix": [
        [
          0.4484785525621876,
          0.06298453384415668,
          0.8915716103528551,
          1.8364375656350829
        ],
        [
          0.8937526850391263,
          -0.04114599625601826,
          -0.4466689433769175,
          -3.6605361995768457
        ],
        [
          0.008551366960293539,
          0.9971659618576838,
          -0.07474569308378112,
          -0.2387655880358232
        ],
        [
          0.0,
          0.0,
          0.0,
          1.0
        ]
      ]
    },
    {
      "file_path": "./images/0020.png",
      "sharpness": 2473.007674519801,
      "transform_matrix": [
        [
          0.4831227862200279,
          0.058726420313549174,
          0.8735808955049198,
          1.7755477378139708
        ],
        [
          0.8754893820288668,
          -0.04439306675488704,
          -0.4811939292829962,
          -3.718211655852955
        ],
        [
          0.010522138066542359,
          0.9972865501851903,
          -0.07286165952854946,
          -0.23979069040764336
        ],
        [
          0.0,
          0.0,
          0.0,
          1.0
        ]
      ]
    },
    {
      "file_path": "./images/0021.png",
      "sharpness": 2974.643148205905,
      "transform_matrix": [
        [
          0.5083778156385886,
          0.059286984178022445,
          0.8590908276035987,
          1.7272311651427297
        ],
        [
          0.8610967600019718,
          -0.04429358156038471,
          -0.5065080932686663,
          -3.7536458409683635
        ],
        [
          0.008022872328578604,
          0.9972578062560623,
          -0.07356970422646142,
          -0.23907104709992813
        ],
        [
          0.0,
          0.0,
          0.0,
          1.0
        ]
      ]
    },
    {
      "file_path": "./images/0022.png",
      "sharpness": 2487.2460619179487,
      "transform_matrix": [
        [
          0.5527642344123145,
          0.06111665359404524,
          0.83109353011984,
          1.6520997239299584
        ],
        [
          0.8333278935741212,
          -0.04537415052526256,
          -0.550913612334483,
          -3.7821020745191953
        ],
        [
          0.004040166530938696,
          0.9970987619672396,
          -0.07601141977903093,
          -0.2391683284289176
        ],
        [
          0.0,
          0.0,
          0.0,
          1.0
        ]
      ]
    },
    {
      "file_path": "./images/0023.png",
      "sharpness": 2509.318887707592,
      "transform_matrix": [
        [
          0.5957355581460205,
          0.05816976952776397,
          0.8010714217050563,
          1.59094611352801
        ],
        [
          0.8031623814605382,
          -0.04987029400424252,
          -0.5936692200060291,
          -3.8094944706108462
        ],
        [
          0.0054160656153495156,
          0.9970602949110167,
          -0.07642927805645323,
          -0.239043371003401
        ],
        [
          0.0,
          0.0,
          0.0,
          1.0
        ]
      ]
    },
    {
      "file_path": "./images/0024.png",
      "sharpness": 2542.122106465026,
      "transform_matrix": [
        [
          0.6517447939979096,
          0.060963346752706656,
          0.7559842550267536,
          1.5166700065442706
        ],
        [
          0.7584060523669458,
          -0.061583131048467216,
          -0.6488665330431618,
          -3.8538617436368305
        ],
        [
          0.006998801997753498,
          0.99623841941676,
          -0.08637145620872712,
          -0.24563985857847656
        ],
        [
          0.0,
          0.0,
          0.0,
          1.0
        ]
      ]
    },
    {
      "file_path": "./images/0025.png",
      "sharpness": 2400.2750427309734,
      "transform_matrix": [
        [
          0.6595454384136126,
          0.06533567566215914,
          0.7488197808235226,
          1.4552911428613644
        ],
        [
          0.7516465567702317,
          -0.06424800188452057,
          -0.656429469135338,
          -3.8855223901525835
        ],
        [
          0.005221911799006159,
          0.9957928719059219,
          -0.09148381221584334,
          -0.24488525299444686
        ],
        [
          0.0,
          0.0,
          0.0,
          1.0
        ]
      ]
    },
    {
      "file_path": "./images/0026.png",
      "sharpness": 2323.659910178478,
      "transform_matrix": [
        [
          0.65953330076983,
          0.06722659042692382,
          0.74866308224344,
          1.3827985030325525
        ],
        [
          0.7516592711711174,
          -0.06549814709106855,
          -0.6562913474899247,
          -3.905582035384499
        ],
        [
          0.004915815063994395,
          0.9955855454285357,
          -0.09372969910890114,
          -0.23992988211023686
        ],
        [
          0.0,
          0.0,
          0.0,
          1.0
        ]
      ]
    },
    {
      "file_path": "./images/0027.png",
      "sharpness": 2325.5825658562717,
      "transform_matrix": [
        [
          0.6789844809744567,
          0.07725860877391942,
          0.7300761480593583,
          1.3051660325147962
        ],
        [
          0.7341403240894896,
          -0.07720809555525264,
          -0.6745938737688846,
          -3.924559194094393
        ],
        [
          0.004249604827184606,
          0.9940171111958177,
          -0.10914175877159785,
          -0.23532823244363255
        ],
        [
          0.0,
          0.0,
          0.0,
          1.0
        ]
      ]
    },
    {
      "file_path": "./images/0028.png",
      "sharpness": 2355.062996465403,
      "transform_matrix": [
        [
          0.7511651516475651,
          0.07521326979336763,
          0.6558154305872226,
          1.2337053707260015
        ],
        [
          0.6601023370943008,
          -0.09157207002510258,
          -0.7455732429171259,
          -3.9409913071934035
        ],
        [
          0.003977375063034053,
          0.9929539365133409,
          -0.11843420303819385,
          -0.22804119283841168
        ],
        [
          0.0,
          0.0,
          0.0,
          1.0
        ]
      ]
    },
    {
      "file_path": "./images/0029.png",
      "sharpness": 2694.908798349176,
      "transform_matrix": [
        [
          0.8053128893339251,
          0.06807646681649296,
          0.5889284718346124,
          1.1597208954260096
        ],
        [
          0.5928470528994113,
          -0.0956176128588329,
          -0.7996184364930943,
          -3.9479593673306863
        ],
        [
          0.0018767366636478296,
          0.9930875423526336,
          -0.11736102880652191,
          -0.22432229191992906
        ],
        [
          0.0,
          0.0,
          0.0,
          1.0
        ]
      ]
    },
    {
      "file_path": "./images/0030.png",
      "sharpness": 2746.143424464514,
      "transform_matrix": [
        [
          0.8365720341793207,
          0.06125666983552039,
          0.5444215756458958,
          1.08947478616903
        ],
        [
          0.5478546673636888,
          -0.09640304936599284,
          -0.8310004305177945,
          -3.9426546808488263
        ],
        [
          0.0015795810274989543,
          0.9934556217932599,
          -0.11420784758574445,
          -0.21181944251193138
        ],
        [
          0.0,
          0.0,
          0.0,
          1.0
        ]
      ]
    },
    {
      "file_path": "./images/0031.png",
      "sharpness": 2661.151113840529,
      "transform_matrix": [
        [
          0.8594016272913964,
          0.05617437784628694,
          0.5082059447522294,
          1.017450430754019
        ],
        [
          0.5112920171554083,
          -0.1003503751175485,
          -0.8535281339281799,
          -3.9539058916412047
        ],
        [
          0.0030522452951364893,
          0.9933651098596042,
          -0.11496278663680141,
          -0.21155873416718485
        ],
        [
          0.0,
          0.0,
          0.0,
          1.0
        ]
      ]
    },
    {
      "file_path": "./images/0032.png",
      "sharpness": 2768.2902032931343,
      "transform_matrix": [
        [
          0.862519209632652,
          0.06005375667561866,
          0.5024481658070167,
          0.9459775568318112
        ],
        [
          0.5060241609159956,
          -0.1015729224528809,
          -0.8565176530542984,
          -3.971854397429332
        ],
        [
          -0.00040197414278655985,
          0.993013840655084,
          -0.11799724862577078,
          -0.20577623475859455
        ],
        [
          0.0,
          0.0,
          0.0,
          1.0
        ]
      ]
    },
    {
      "file_path": "./images/0033.png",
      "sharpness": 1934.8838262729016,
      "transform_matrix": [
        [
          0.8222306092452134,
          0.06299299921190538,
          0.5656577651456384,
          0.8862999116800889
        ],
        [
          0.5691515744502703,
          -0.09417972493913197,
          -0.8168210726414737,
          -3.9693099468472437
        ],
        [
          0.0018194835459282113,
          0.993560295834989,
          -0.11329001729604975,
          -0.20452516092289774
        ],
        [
          0.0,
          0.0,
          0.0,
          1.0
        ]
      ]
    },
    {
      "file_path": "./images/0036.png",
      "sharpness": 2047.8597541705494,
      "transform_matrix": [
        [
          0.6974652687822359,
          0.12820955932124478,
          0.7050563862133296,
          0.7649381619447873
        ],
        [
          0.7166158730174794,
          -0.12749000632545585,
          -0.6857171347039032,
          -3.970567017676755
        ],
        [
          0.0019721514787262658,
          0.9835184833976568,
          -0.1807968568110133,
          -0.20452110684368313
        ],
        [
          0.0,
          0.0,
          0.0,
          1.0
        ]
      ]
    },
    {
      "file_path": "./images/0038.png",
      "sharpness": 1948.7459582624688,
      "transform_matrix": [
        [
          0.7049537287407648,
          0.12880163984161558,
          0.6974599471708943,
          0.6850876975977077
        ],
        [
          0.7092504762690925,
          -0.13079407849444963,
          -0.6927168764674737,
          -3.9851005837534985
        ],
        [
          0.0020005614420320872,
          0.9830071447369743,
          -0.18355639773378057,
          -0.20443017992527598
        ],
        [
          0.0,
          0.0,
          0.0,
          1.0
        ]
      ]
    },
    {
      "file_path": "./images/0037.png",
      "sharpness": 2172.6650494791656,
      "transform_matrix": [
        [
          0.704014951200097,
          0.12836523701296945,
          0.6984878770689961,
          0.7206179377916083
        ],
        [
          0.7101848013991394,
          -0.12822560028475236,
          -0.6922396574115642,
          -3.9705338126304177
        ],
        [
          0.0007045196353820548,
          0.983402542887326,
          -0.1814357800816823,
          -0.20185528033194983
        ],
        [
          0.0,
          0.0,
          0.0,
          1.0
        ]
      ]
    },
    {
      "file_path": "./images/0035.png",
      "sharpness": 1888.6644389466248,
      "transform_matrix": [
        [
          0.649266691681235,
          0.11844625568521178,
          0.751281070962447,
          0.7992754008630192
        ],
        [
          0.760559951649029,
          -0.10260758980526688,
          -0.6411086042645042,
          -3.973465965810111
        ],
        [
          0.0011502262950735707,
          0.9876447575052183,
          -0.1567051688712041,
          -0.20505795250803632
        ],
        [
          0.0,
          0.0,
          0.0,
          1.0
        ]
      ]
    },
    {
      "file_path": "./images/0034.png",
      "sharpness": 1202.6045829248862,
      "transform_matrix": [
        [
          0.6908241650881364,
          0.08254526643257055,
          0.7182953792966231,
          0.8495483981204446
        ],
        [
          0.7230198644216039,
          -0.08170110896662458,
          -0.6859790116653636,
          -3.9712067943715708
        ],
        [
          0.002061208769067379,
          0.9932327057554188,
          -0.11612296773336567,
          -0.20271129116544812
        ],
        [
          0.0,
          0.0,
          0.0,
          1.0
        ]
      ]
    },
    {
      "file_path": "./images/0039.png",
      "sharpness": 2136.2703865804892,
      "transform_matrix": [
        [
          0.7943059867611324,
          0.10947887718636111,
          0.5975720666534385,
          0.6416642495716451
        ],
        [
          0.6075166277345373,
          -0.14515249432792615,
          -0.7809316874198646,
          -4.014387800874592
        ],
        [
          0.0012435517174632022,
          0.9833336813307264,
          -0.18180573351440482,
          -0.2009822138352575
        ],
        [
          0.0,
          0.0,
          0.0,
          1.0
        ]
      ]
    },
    {
      "file_path": "./images/0040.png",
      "sharpness": 1846.088315079375,
      "transform_matrix": [
        [
          0.8971141754283155,
          0.07792675622123722,
          0.4348719086230258,
          0.5836270017395072
        ],
        [
          0.4417932582099885,
          -0.16315404305057937,
          -0.8821561512773416,
          -4.0580826340035125
        ],
        [
          0.0022075427513143686,
          0.9835182656667517,
          -0.1807953203318323,
          -0.20346327271777961
        ],
        [
          0.0,
          0.0,
          0.0,
          1.0
        ]
      ]
    },
    {
      "file_path": "./images/0041.png",
      "sharpness": 1929.243581851074,
      "transform_matrix": [
        [
          0.954462723464729,
          0.056214071809978484,
          0.2929861560651952,
          0.5458738132872375
        ],
        [
          0.29832301405343775,
          -0.1730267265860679,
          -0.9386506971035512,
          -4.099929417659925
        ],
        [
          -0.0020709421724699056,
          0.9833116138928216,
          -0.1819175120240946,
          -0.19693771813791142
        ],
        [
          0.0,
          0.0,
          0.0,
          1.0
        ]
      ]
    },
    {
      "file_path": "./images/0042.png",
      "sharpness": 2106.232510280863,
      "transform_matrix": [
        [
          0.9766955553464252,
          0.03982453521569954,
          0.21090234365794963,
          0.5261887124071558
        ],
        [
          0.2146251672212535,
          -0.17502947856341863,
          -0.9608853829823132,
          -4.158262591692409
        ],
        [
          -0.001352686534576283,
          0.9837574335311142,
          -0.1794978612976716,
          -0.19821626918281776
        ],
        [
          0.0,
          0.0,
          0.0,
          1.0
        ]
      ]
    },
    {
      "file_path": "./images/0043.png",
      "sharpness": 1815.2851757561616,
      "transform_matrix": [
        [
          0.9749557995368872,
          0.04027507462762069,
          0.21872152914642842,
          0.4873720359679081
        ],
        [
          0.2223971376355441,
          -0.17285201997264438,
          -0.9595111736519242,
          -4.21388606933704
        ],
        [
          -0.0008379260004015134,
          0.9841240254938242,
          -0.17748014064923637,
          -0.19937705337095568
        ],
        [
          0.0,
          0.0,
          0.0,
          1.0
        ]
      ]
    },
    {
      "file_path": "./images/0047.png",
      "sharpness": 2348.2263116664726,
      "transform_matrix": [
        [
          0.9892073590432091,
          0.022658535176556784,
          0.1447597720274386,
          0.2746055761025592
        ],
        [
          0.14650692262056508,
          -0.16729630967310444,
          -0.9749603409339336,
          -4.32157048250338
        ],
        [
          0.0021266024685109314,
          0.985646252746118,
          -0.16881037292921375,
          -0.19112749074355875
        ],
        [
          0.0,
          0.0,
          0.0,
          1.0
        ]
      ]
    },
    {
      "file_path": "./images/0046.png",
      "sharpness": 2132.393444458371,
      "transform_matrix": [
        [
          0.9870963282467288,
          0.02905328914272519,
          0.15746982298471873,
          0.3383198831841181
        ],
        [
          0.1601205228464037,
          -0.16986307422747834,
          -0.9723723330995097,
          -4.306636815967514
        ],
        [
          -0.0015023063176853562,
          0.9850393100800757,
          -0.17232324472258645,
          -0.18861709746027458
        ],
        [
          0.0,
          0.0,
          0.0,
          1.0
        ]
      ]
    },
    {
      "file_path": "./images/0044.png",
      "sharpness": 1704.0293142125938,
      "transform_matrix": [
        [
          0.9264977998160433,
          0.06889036333197086,
          0.36994046112184625,
          0.435284669473818
        ],
        [
          0.37628680045179713,
          -0.16131985432193743,
          -0.9123508910541482,
          -4.245834385916726
        ],
        [
          -0.0031734430750011014,
          0.9844948056950767,
          -0.1753850244960688,
          -0.19712294426788732
        ],
        [
          0.0,
          0.0,
          0.0,
          1.0
        ]
      ]
    },
    {
      "file_path": "./images/0048.png",
      "sharpness": 2349.905798944055,
      "transform_matrix": [
        [
          0.9939848663056227,
          0.01886134357943156,
          0.10788111638649271,
          0.2095355801229759
        ],
        [
          0.10951670463248396,
          -0.16740126509075265,
          -0.9797871747744284,
          -4.325525678854785
        ],
        [
          -0.00042066717563957694,
          0.9857084082848463,
          -0.1684599562943843,
          -0.18018122830635386
        ],
        [
          0.0,
          0.0,
          0.0,
          1.0
        ]
      ]
    },
    {
      "file_path": "./images/0045.png",
      "sharpness": 2014.2940531127817,
      "transform_matrix": [
        [
          0.9426630728751938,
          0.05997521183308046,
          0.3283128157749829,
          0.3902712392201259
        ],
        [
          0.3337415590524149,
          -0.1643755182842298,
          -0.9282226353359704,
          -4.273903783680447
        ],
        [
          -0.0017037599301674574,
          0.9845728327317479,
          -0.17496695187293584,
          -0.19669742021534697
        ],
        [
          0.0,
          0.0,
          0.0,
          1.0
        ]
      ]
    },
    {
      "file_path": "./images/0049.png",
      "sharpness": 2133.2771840042,
      "transform_matrix": [
        [
          0.9982007425189219,
          0.009116857746855885,
          0.059263484022797575,
          0.14086582660967
        ],
        [
          0.059951808749998906,
          -0.16870856144853433,
          -0.983841045048218,
          -4.336272118835106
        ],
        [
          0.0010287182826916328,
          0.9856238147477167,
          -0.16895158341926658,
          -0.18099812918454145
        ],
        [
          0.0,
          0.0,
          0.0,
          1.0
        ]
      ]
    },
    {
      "file_path": "./images/0050.png",
      "sharpness": 1989.4466015784415,
      "transform_matrix": [
        [
          0.9999170944006669,
          -0.0036797574547167726,
          -0.012339518200719877,
          0.0741419413857319
        ],
        [
          -0.012764861338695517,
          -0.15735448357803153,
          -0.9874596826265335,
          -4.343196825882815
        ],
        [
          0.0016919336143010832,
          0.9875353289285469,
          -0.15738840960393227,
          -0.17206799752714586
        ],
        [
          0.0,
          0.0,
          0.0,
          1.0
        ]
      ]
    },
    {
      "file_path": "./images/0051.png",
      "sharpness": 1751.8540073403767,
      "transform_matrix": [
        [
          0.9998184315281873,
          -0.003137080935387043,
          -0.0187952839495506,
          0.011946728325491101
        ],
        [
          -0.019039588648045253,
          -0.12443522351377953,
          -0.9920450439436651,
          -4.331109822836778
        ],
        [
          0.0007733302351334806,
          0.9922227743159897,
          -0.12447235873097184,
          -0.17090068021343768
        ],
        [
          0.0,
          0.0,
          0.0,
          1.0
        ]
      ]
    },
    {
      "file_path": "./images/0053.png",
      "sharpness": 2219.192275953766,
      "transform_matrix": [
        [
          0.9979983065110709,
          -0.008395662274409316,
          -0.06268088269187738,
          -0.15163834264312587
        ],
        [
          -0.06319225798692861,
          -0.09362226149623132,
          -0.9936003274369655,
          -4.318435484656486
        ],
        [
          0.0024736067947096303,
          0.9955723906408502,
          -0.09396539928139107,
          -0.15998948212332617
        ],
        [
          0.0,
          0.0,
          0.0,
          1.0
        ]
      ]
    },
    {
      "file_path": "./images/0052.png",
      "sharpness": 1812.2060585627821,
      "transform_matrix": [
        [
          0.9991040220155917,
          -0.005876443461052637,
          -0.0419120579731038,
          -0.043257800748453895
        ],
        [
          -0.04231350589890065,
          -0.1188376615699001,
          -0.9920116820940875,
          -4.31690031730626
        ],
        [
          0.0008487696014237766,
          0.9928963075789357,
          -0.11897983856646871,
          -0.16440229182774851
        ],
        [
          0.0,
          0.0,
          0.0,
          1.0
        ]
      ]
    },
    {
      "file_path": "./images/0054.png",
      "sharpness": 1940.7097222188684,
      "transform_matrix": [
        [
          0.9976836476147053,
          -0.007352341609975816,
          -0.06762604789643452,
          -0.20781525232701414
        ],
        [
          -0.06801121842911863,
          -0.08813169466994139,
          -0.9937843219544122,
          -4.308057511134091
        ],
        [
          0.0013466436167035357,
          0.996081697184767,
          -0.08842759231997417,
          -0.15691460126384513
        ],
        [
          0.0,
          0.0,
          0.0,
          1.0
        ]
      ]
    },
    {
      "file_path": "./images/0055.png",
      "sharpness": 1982.785155486276,
      "transform_matrix": [
        [
          0.9975708404990363,
          -0.007123253129991031,
          -0.06929413719728382,
          -0.2490769834800859
        ],
        [
          -0.06964672458946455,
          -0.0830900805382114,
          -0.9941053124644854,
          -4.2942530935555965
        ],
        [
          0.0013236083380050632,
          0.9965165817887981,
          -0.08338435272856169,
          -0.1573161859724058
        ],
        [
          0.0,
          0.0,
          0.0,
          1.0
        ]
      ]
    },
    {
      "file_path": "./images/0056.png",
      "sharpness": 2164.015658520426,
      "transform_matrix": [
        [
          0.9924348614156165,
          -0.012183328584894489,
          -0.12216633067495629,
          -0.3479838109283148
        ],
        [
          -0.12275306376441687,
          -0.08083963417261718,
          -0.9891393425009876,
          -4.256376724283499
        ],
        [
          0.0021751281459614813,
          0.9966526576749094,
          -0.08172361204763483,
          -0.1506465005656219
        ],
        [
          0.0,
          0.0,
          0.0,
          1.0
        ]
      ]
    },
    {
      "file_path": "./images/0057.png",
      "sharpness": 1911.5847178007134,
      "transform_matrix": [
        [
          0.9624020671974608,
          -0.024838819597075235,
          -0.27049083920551115,
          -0.40874066237409196
        ],
        [
          -0.2716164961569982,
          -0.07848410949737977,
          -0.95920004356328,
          -4.231285040082831
        ],
        [
          0.002596164197331442,
          0.9966058787687624,
          -0.08227990237006351,
          -0.14972344574010496
        ],
        [
          0.0,
          0.0,
          0.0,
          1.0
        ]
      ]
    },
    {
      "file_path": "./images/0058.png",
      "sharpness": 2180.1219400537634,
      "transform_matrix": [
        [
          0.9356444541009334,
          -0.0209455127983495,
          -0.35232192807545165,
          -0.48302096536822303
        ],
        [
          -0.35291544312363005,
          -0.04282691891291718,
          -0.9346745663712464,
          -4.190789779620054
        ],
        [
          0.004488375447290615,
          0.998862923783372,
          -0.0474627640977825,
          -0.15163153969828924
        ],
        [
          0.0,
          0.0,
          0.0,
          1.0
        ]
      ]
    },
    {
      "file_path": "./images/0059.png",
      "sharpness": 2570.771206094666,
      "transform_matrix": [
        [
          0.9329180443524195,
          -0.019535892002649935,
          -0.3595584395398632,
          -0.5707829611547631
        ],
        [
          -0.36006816938939906,
          -0.03992980569452559,
          -0.9320710938602078,
          -4.138088999088193
        ],
        [
          0.003851741601791149,
          0.999011491195113,
          -0.04428548911069206,
          -0.14668097573797687
        ],
        [
          0.0,
          0.0,
          0.0,
          1.0
        ]
      ]
    },
    {
      "file_path": "./images/0061.png",
      "sharpness": 2549.9468915182783,
      "transform_matrix": [
        [
          0.8890773554062741,
          -0.024452724952965754,
          -0.45710340224634494,
          -0.6633885232218839
        ],
        [
          -0.45773347301722567,
          -0.037370261996697934,
          -0.8883037381424703,
          -4.095161012377951
        ],
        [
          0.004639373081961146,
          0.9990022661434246,
          -0.04441788442431975,
          -0.14569508704920237
        ],
        [
          0.0,
          0.0,
          0.0,
          1.0
        ]
      ]
    },
    {
      "file_path": "./images/0060.png",
      "sharpness": 2626.1645608558692,
      "transform_matrix": [
        [
          0.9316965636627812,
          -0.01997118820270929,
          -0.36268810967518744,
          -0.5939167246012647
        ],
        [
          -0.3632134279277536,
          -0.03971673429428315,
          -0.9308590584991733,
          -4.12748184882586
        ],
        [
          0.00418557416381843,
          0.9990113776418135,
          -0.04425774858878767,
          -0.15014126808530565
        ],
        [
          0.0,
          0.0,
          0.0,
          1.0
        ]
      ]
    },
    {
      "file_path": "./images/0062.png",
      "sharpness": 2555.8393649472514,
      "transform_matrix": [
        [
          0.851087184600703,
          -0.027291536998761756,
          -0.5243145775350119,
          -0.7271865231482003
        ],
        [
          -0.524989012837484,
          -0.03264580234239735,
          -0.8504826794176028,
          -4.044248879325555
        ],
        [
          0.006094309448685881,
          0.9990943016535982,
          -0.042112181072419555,
          -0.15098597180021914
        ],
        [
          0.0,
          0.0,
          0.0,
