{
    "camera_model": "OPENCV",
    "orientation_override": "none",
    "frames": [
        {
            "fl_x": 769.8358768215146,
            "fl_y": 769.8358768215146,
            "cx": 485.51092529296875,
            "cy": 376.37420654296875,
            "w": 994,
            "h": 738,
            "file_path": "./images/frame_00001.jpg",
            "transform_matrix": [
                [
                    0.11711689084768295,
                    -0.4529092609882355,
                    0.8838307857513428,
                    1.1607502698898315
                ],
                [
                    0.05236520990729332,
                    0.8915335536003113,
                    0.4499175548553467,
                    4.054352283477783
                ],
                [
                    -0.9917365908622742,
                    -0.0064109624363482,
                    0.12813033163547516,
                    0.7997728586196899
                ],
                [
                    0.0,
                    0.0,
                    0.0,
                    1.0
                ]
            ]
        },
        {
            "fl_x": 770.0207361501181,
            "fl_y": 770.0207361501181,
            "cx": 485.6363525390625,
            "cy": 376.3212890625,
            "w": 994,
            "h": 738,
            "file_path": "./images/frame_00002.jpg",
            "transform_matrix": [
                [
                    0.12318672984838486,
                    -0.4573560357093811,
                    0.880710244178772,
                    1.1645513772964478
                ],
                [
                    0.056858405470848083,
                    0.8892645835876465,
                    0.45384541153907776,
                    4.054927825927734
                ],
                [
                    -0.9907533526420593,
                    -0.005831952206790447,
                    0.1355501264333725,
                    0.8001534342765808
                ],
                [
                    0.0,
                    0.0,
                    0.0,
                    1.0
                ]
            ]
        },
        {
            "fl_x": 769.9379478821916,
            "fl_y": 769.9379478821916,
            "cx": 485.6059875488281,
            "cy": 375.6329345703125,
            "w": 994,
            "h": 738,
            "file_path": "./images/frame_00003.jpg",
            "transform_matrix": [
                [
                    0.12755097448825836,
                    -0.40622806549072266,
                    0.9048256874084473,
                    1.1837466955184937
                ],
                [
                    0.05375051870942116,
                    0.9137676358222961,
                    0.40266555547714233,
                    4.000185012817383
                ],
                [
                    -0.9903745055198669,
                    -0.0027255332097411156,
                    0.13838692009449005,
                    0.8001875281333923
                ],
                [
                    0.0,
                    0.0,
                    0.0,
                    1.0
                ]
            ]
        },
        {
            "fl_x": 769.9793724306543,
            "fl_y": 769.9793724306543,
            "cx": 485.8570251464844,
            "cy": 377.2080993652344,
            "w": 994,
            "h": 738,
            "file_path": "./images/frame_00004.jpg",
            "transform_matrix": [
                [
                    0.12865152955055237,
                    -0.39059823751449585,
                    0.911527156829834,
                    1.4484190940856934
                ],
                [
                    0.06010591611266136,
                    0.9205469489097595,
                    0.3859800696372986,
                    3.5395216941833496
                ],
                [
                    -0.9898666739463806,
                    0.005131252110004425,
                    0.14190703630447388,
                    0.8311735391616821
                ],
                [
                    0.0,
                    0.0,
                    0.0,
                    1.0
                ]
            ]
        },
        {
            "fl_x": 769.9213415654067,
            "fl_y": 769.9213415654067,
            "cx": 485.4627990722656,
            "cy": 376.2718505859375,
            "w": 994,
            "h": 738,
            "file_path": "./images/frame_00005.jpg",
            "transform_matrix": [
                [
                    0.13252532482147217,
                    -0.36886832118034363,
                    0.9199854135513306,
                    1.5202564001083374
                ],
                [
                    0.05340725928544998,
                    0.9294813275337219,
                    0.3649823069572449,
                    3.207252025604248
                ],
                [
                    -0.989739716053009,
                    0.0007645022706128657,
                    0.14288006722927094,
                    0.8212677836418152
                ],
                [
                    0.0,
                    0.0,
                    0.0,
                    1.0
                ]
            ]
        },
        {
            "fl_x": 769.9958570894406,
            "fl_y": 769.9958570894406,
            "cx": 486.0148620605469,
            "cy": 376.4604187011719,
            "w": 994,
            "h": 738,
            "file_path": "./images/frame_00006.jpg",
            "transform_matrix": [
                [
                    0.1332700252532959,
                    -0.30889973044395447,
                    0.9417112469673157,
                    1.578479290008545
                ],
                [
                    0.042739078402519226,
                    0.9510944485664368,
                    0.3059292137622833,
                    2.9006311893463135
                ],
                [
                    -0.9901577830314636,
                    -0.0005233223200775683,
                    0.13995447754859924,
                    0.819485604763031
                ],
                [
                    0.0,
                    0.0,
                    0.0,
                    1.0
                ]
            ]
        },
        {
            "fl_x": 769.9489579310487,
            "fl_y": 769.9489579310487,
            "cx": 485.59283447265625,
            "cy": 375.97216796875,
            "w": 994,
            "h": 738,
            "file_path": "./images/frame_00007.jpg",
            "transform_matrix": [
                [
                    0.13914643228054047,
                    -0.2579590976238251,
                    0.956083357334137,
                    1.6963001489639282
                ],
                [
                    0.036604203283786774,
                    0.9661557078361511,
                    0.25534939765930176,
                    2.2585976123809814
                ],
                [
                    -0.9895950555801392,
                    -0.0005342882941477001,
                    0.1438795030117035,
                    0.8002918362617493
                ],
                [
                    0.0,
                    0.0,
                    0.0,
                    1.0
                ]
            ]
        },
        {
            "fl_x": 769.9186042604421,
            "fl_y": 769.9186042604421,
            "cx": 485.771484375,
            "cy": 376.67828369140625,
            "w": 994,
            "h": 738,
            "file_path": "./images/frame_00008.jpg",
            "transform_matrix": [
                [
                    0.14073994755744934,
                    -0.18910346925258636,
                    0.9718189835548401,
                    1.8381261825561523
                ],
                [
                    0.027409136295318604,
                    0.9819571375846863,
                    0.18710680305957794,
                    0.7603595852851868
                ],
                [
                    -0.9896671175956726,
                    0.00030331805464811623,
                    0.14338375627994537,
                    0.8153656721115112
                ],
                [
                    0.0,
                    0.0,
                    0.0,
                    1.0
                ]
            ]
        },
        {
            "fl_x": 769.9572915039405,
            "fl_y": 769.9572915039405,
            "cx": 485.6611633300781,
            "cy": 376.00372314453125,
            "w": 994,
            "h": 738,
            "file_path": "./images/frame_00009.jpg",
            "transform_matrix": [
                [
                    0.14152617752552032,
                    -0.13436715304851532,
                    0.9807730913162231,
                    1.829774260520935
                ],
                [
                    0.01764037273824215,
                    0.9909303784370422,
                    0.13321320712566376,
                    0.32215505838394165
                ],
                [
                    -0.9897773265838623,
                    -0.0015519525622949004,
                    0.14261287450790405,
                    0.7860586047172546
                ],
                [
                    0.0,
                    0.0,
                    0.0,
                    1.0
                ]
            ]
        },
        {
            "fl_x": 769.926937833334,
            "fl_y": 769.926937833334,
            "cx": 485.83587646484375,
            "cy": 376.3760986328125,
            "w": 994,
            "h": 738,
            "file_path": "./images/frame_00010.jpg",
            "transform_matrix": [
                [
                    0.1346600353717804,
                    -0.08833330124616623,
                    0.9869467616081238,
                    1.8670369386672974
                ],
                [
                    0.007910117506980896,
                    0.9960827231407166,
                    0.08807171881198883,
                    -0.05279745161533356
                ],
                [
                    -0.9908602833747864,
                    -0.004052875563502312,
                    0.1348312497138977,
                    0.7902886867523193
                ],
                [
                    0.0,
                    0.0,
                    0.0,
                    1.0
                ]
            ]
        },
        {
            "fl_x": 769.9434224921204,
            "fl_y": 769.9434224921204,
            "cx": 485.50872802734375,
            "cy": 376.189453125,
            "w": 994,
            "h": 738,
            "file_path": "./images/frame_00011.jpg",
            "transform_matrix": [
                [
                    0.13706304132938385,
                    -0.038173023611307144,
                    0.989826500415802,
                    1.928606629371643
                ],
                [
                    0.004178605042397976,
                    0.9992705583572388,
                    0.03795861825346947,
                    -0.42504414916038513
                ],
                [
                    -0.9905534982681274,
                    -0.0010666294256225228,
                    0.13712257146835327,
                    0.7871026992797852
                ],
                [
                    0.0,
                    0.0,
                    0.0,
                    1.0
                ]
            ]
        },
        {
            "fl_x": 769.9434224921204,
            "fl_y": 769.9434224921204,
            "cx": 485.2844543457031,
            "cy": 376.41278076171875,
            "w": 994,
            "h": 738,
            "file_path": "./images/frame_00012.jpg",
            "transform_matrix": [
                [
                    0.13946004211902618,
                    -0.03853987157344818,
                    0.9894773960113525,
                    1.8982421159744263
                ],
                [
                    0.005492999218404293,
                    0.9992570281028748,
                    0.03814658522605896,
                    -0.7774181962013245
                ],
                [
                    -0.9902124404907227,
                    0.00011527439346536994,
                    0.13956813514232635,
                    0.7839046120643616
                ],
                [
                    0.0,
                    0.0,
                    0.0,
                    1.0
                ]
            ]
        },
        {
            "fl_x": 769.926937833334,
            "fl_y": 769.926937833334,
            "cx": 485.5216369628906,
            "cy": 376.6621398925781,
            "w": 994,
            "h": 738,
            "file_path": "./images/frame_00013.jpg",
            "transform_matrix": [
                [
                    0.1375569999217987,
                    -0.034689292311668396,
                    0.9898862242698669,
                    1.9084001779556274
                ],
                [
                    0.004846850410103798,
                    0.9993981719017029,
                    0.034349095076322556,
                    -0.8780484199523926
                ],
                [
                    -0.990481972694397,
                    7.287188054760918e-05,
                    0.13764233887195587,
                    0.7856752872467041
                ],
                [
                    0.0,
                    0.0,
                    0.0,
                    1.0
                ]
            ]
        },
        {
            "fl_x": 769.9628269428688,
            "fl_y": 769.9628269428688,
            "cx": 485.5538024902344,
            "cy": 376.2526550292969,
            "w": 994,
            "h": 738,
            "file_path": "./images/frame_00014.jpg",
            "transform_matrix": [
                [
                    0.14055141806602478,
                    0.0031791403889656067,
                    0.990068256855011,
                    1.9870777130126953
                ],
                [
                    0.00041050981963053346,
                    0.9999945759773254,
                    -0.0032692905515432358,
                    -1.2365068197250366
                ],
                [
                    -0.9900733232498169,
                    0.0008659361628815532,
                    0.14054934680461884,
                    0.7887468934059143
                ],
                [
                    0.0,
                    0.0,
                    0.0,
                    1.0
                ]
            ]
        },
        {
            "fl_x": 769.9572915039405,
            "fl_y": 769.9572915039405,
            "cx": 485.4570617675781,
            "cy": 376.3181457519531,
            "w": 994,
            "h": 738,
            "file_path": "./images/frame_00015.jpg",
            "transform_matrix": [
                [
                    0.14028587937355042,
                    0.023505546152591705,
                    0.9898319840431213,
                    1.964084267616272
                ],
                [
                    -0.003945934120565653,
                    0.999723494052887,
                    -0.023181194439530373,
                    -1.6245924234390259
                ],
                [
                    -0.9901031851768494,
                    -0.0006538175512105227,
                    0.14033985137939453,
                    0.7953468561172485
                ],
                [
                    0.0,
                    0.0,
                    0.0,
                    1.0
                ]
            ]
        },
        {
            "fl_x": 770.0096044432623,
            "fl_y": 770.0096044432623,
            "cx": 486.00299072265625,
            "cy": 376.9183654785156,
            "w": 994,
            "h": 738,
            "file_path": "./images/frame_00016.jpg",
            "transform_matrix": [
                [
                    0.1148446574807167,
                    0.059933826327323914,
                    0.9915738105773926,
                    1.9759410619735718
                ],
                [
                    -0.007404526229947805,
                    0.9982022047042847,
                    -0.05947687104344368,
                    -2.021000862121582
                ],
                [
                    -0.9933558702468872,
                    -0.0005115332896821201,
                    0.11508197337388992,
                    0.8133976459503174
                ],
                [
                    0.0,
                    0.0,
                    0.0,
                    1.0
                ]
            ]
        },
        {
            "fl_x": 769.6924420413743,
            "fl_y": 769.6924420413743,
            "cx": 485.63446044921875,
            "cy": 375.780517578125,
            "w": 994,
            "h": 738,
            "file_path": "./images/frame_00017.jpg",
            "transform_matrix": [
                [
                    0.10347916930913925,
                    0.07718529552221298,
                    0.9916322231292725,
                    1.9096771478652954
                ],
                [
                    -0.008431728929281235,
                    0.9970166683197021,
                    -0.07672453671693802,
                    -2.4008240699768066
                ],
                [
                    -0.9945958852767944,
                    -0.0004217833047732711,
                    0.10382126271724701,
                    0.8048936128616333
                ],
                [
                    0.0,
                    0.0,
                    0.0,
                    1.0
                ]
            ]
        },
        {
            "fl_x": 769.8276040776219,
            "fl_y": 769.8276040776219,
            "cx": 485.646240234375,
            "cy": 376.0570983886719,
            "w": 994,
            "h": 738,
            "file_path": "./images/frame_00018.jpg",
            "transform_matrix": [
                [
                    0.08929125964641571,
                    0.08978474140167236,
                    0.991950511932373,
                    1.8615837097167969
                ],
                [
                    -0.00929257646203041,
                    0.9959604144096375,
                    -0.08931121230125427,
                    -2.5000874996185303
                ],
                [
                    -0.9959622025489807,
                    -0.001243064645677805,
                    0.08976489305496216,
                    0.7998842000961304
                ],
                [
                    0.0,
                    0.0,
                    0.0,
                    1.0
                ]
            ]
        },
        {
            "fl_x": 769.7227348829816,
            "fl_y": 769.7227348829816,
            "cx": 485.82501220703125,
            "cy": 376.86456298828125,
            "w": 994,
            "h": 738,
            "file_path": "./images/frame_00019.jpg",
            "transform_matrix": [
                [
                    0.08328073471784592,
                    0.15248629450798035,
                    0.9847904443740845,
                    1.7518538236618042
                ],
                [
                    -0.014348160475492477,
                    0.9883044958114624,
                    -0.15181702375411987,
                    -2.8505747318267822
                ],
                [
                    -0.9964228272438049,
                    -0.0014864976983517408,
                    0.08449462056159973,
                    0.784959614276886
                ],
                [
                    0.0,
                    0.0,
                    0.0,
                    1.0
                ]
            ]
        },
        {
            "fl_x": 769.7366038948016,
            "fl_y": 769.7366038948016,
            "cx": 485.19580078125,
            "cy": 375.7695617675781,
            "w": 994,
            "h": 738,
            "file_path": "./images/frame_00020.jpg",
            "transform_matrix": [
                [
                    0.08508452028036118,
                    0.1738128960132599,
                    0.9810961484909058,
                    1.6594451665878296
                ],
                [
                    -0.015481002628803253,
                    0.9847785830497742,
                    -0.17312270402908325,
                    -3.214280605316162
                ],
                [
                    -0.996253490447998,
                    -0.0004582906258292496,
                    0.08648020774126053,
                    0.7881976366043091
                ],
                [
                    0.0,
                    0.0,
                    0.0,
                    1.0
                ]
            ]
        },
        {
            "fl_x": 769.7145229680879,
            "fl_y": 769.7145229680879,
            "cx": 485.1683349609375,
            "cy": 376.35906982421875,
            "w": 994,
            "h": 738,
            "file_path": "./images/frame_00021.jpg",
            "transform_matrix": [
                [
                    0.08773783594369888,
                    0.19629257917404175,
                    0.9766121506690979,
                    1.4696941375732422
                ],
                [
                    -0.016845280304551125,
                    0.9805451035499573,
                    -0.195569708943367,
                    -3.5629985332489014
                ],
                [
                    -0.9960011839866638,
                    0.0007075578323565423,
                    0.08933751285076141,
                    0.7831496000289917
                ],
                [
                    0.0,
                    0.0,
                    0.0,
                    1.0
                ]
            ]
        },
        {
            "fl_x": 769.7255330169452,
            "fl_y": 769.7255330169452,
            "cx": 485.68890380859375,
            "cy": 376.7754211425781,
            "w": 994,
            "h": 738,
            "file_path": "./images/frame_00022.jpg",
            "transform_matrix": [
                [
                    0.08336077630519867,
                    0.23500455915927887,
                    0.9684130549430847,
                    1.3783549070358276
                ],
                [
                    -0.02159174345433712,
                    0.9719932675361633,
                    -0.23401474952697754,
                    -3.90478777885437
                ],
                [
                    -0.9962854981422424,
                    -0.0014020740054547787,
                    0.086100272834301,
                    0.7739177942276001
                ],
                [
                    0.0,
                    0.0,
                    0.0,
                    1.0
                ]
            ]
        },
        {
            "fl_x": 769.7502904196242,
            "fl_y": 769.7502904196242,
            "cx": 485.5792236328125,
            "cy": 375.5921630859375,
            "w": 994,
            "h": 738,
            "file_path": "./images/frame_00023.jpg",
            "transform_matrix": [
                [
                    0.0828043520450592,
                    0.24058468639850616,
                    0.9670896530151367,
                    1.2289586067199707
                ],
                [
                    -0.023169321939349174,
                    0.9706247448921204,
                    -0.23948030173778534,
                    -4.225986957550049
                ],
                [
                    -0.9962964653968811,
                    -0.002576802158728242,
                    0.08594613522291183,
                    0.7684025764465332
                ],
                [
                    0.0,
                    0.0,
                    0.0,
                    1.0
                ]
            ]
        },
        {
            "fl_x": 769.9628269428688,
            "fl_y": 769.9628269428688,
            "cx": 485.4541931152344,
            "cy": 376.6623229980469,
            "w": 994,
            "h": 738,
            "file_path": "./images/frame_00024.jpg",
            "transform_matrix": [
                [
                    0.08326564729213715,
                    0.2624492645263672,
                    0.9613465666770935,
                    1.08440363407135
                ],
                [
                    -0.02147362194955349,
                    0.9649451375007629,
                    -0.2615717649459839,
                    -4.535691738128662
                ],
                [
                    -0.9962959885597229,
                    0.001136349281296134,
                    0.08598251640796661,
                    0.766935408115387
                ],
                [
                    0.0,
                    0.0,
                    0.0,
                    1.0
                ]
            ]
        },
        {
            "fl_x": 769.7034520902314,
            "fl_y": 769.7034520902314,
            "cx": 485.2498779296875,
            "cy": 376.4277038574219,
            "w": 994,
            "h": 738,
            "file_path": "./images/frame_00025.jpg",
            "transform_matrix": [
                [
                    0.08247404545545578,
                    0.2849249541759491,
                    0.9549951553344727,
                    1.000491976737976
                ],
                [
                    -0.023004569113254547,
                    0.9585487246513367,
                    -0.2839984893798828,
                    -4.877686023712158
                ],
                [
                    -0.9963276386260986,
                    0.001453250297345221,
                    0.08560996502637863,
                    0.767874538898468
                ],
                [
                    0.0,
                    0.0,
                    0.0,
                    1.0
                ]
            ]
        },
        {
            "fl_x": 769.7586848215155,
            "fl_y": 769.7586848215155,
            "cx": 485.19256591796875,
            "cy": 375.9976501464844,
            "w": 994,
            "h": 738,
            "file_path": "./images/frame_00026.jpg",
            "transform_matrix": [
                [
                    0.08477365225553513,
                    0.29786407947540283,
                    0.950836718082428,
                    0.7991059422492981
                ],
                [
                    -0.025779666379094124,
                    0.9546080827713013,
                    -0.296747088432312,
                    -5.2071332931518555
                ],
                [
                    -0.996066689491272,
                    0.0006440826109610498,
                    0.08860445022583008,
                    0.7503214478492737
                ],
                [
                    0.0,
                    0.0,
                    0.0,
                    1.0
                ]
            ]
        },
        {
            "fl_x": 769.7476139436591,
            "fl_y": 769.7476139436591,
            "cx": 485.876953125,
            "cy": 377.1535339355469,
            "w": 994,
            "h": 738,
            "file_path": "./images/frame_00027.jpg",
            "transform_matrix": [
                [
                    0.0771298035979271,
                    0.3781393766403198,
                    0.9225299954414368,
                    0.697263240814209
                ],
                [
                    -0.03287298604846001,
                    0.925747811794281,
                    -0.3767099380493164,
                    -5.565160751342773
                ],
                [
                    -0.9964789748191833,
                    -0.0012707541463896632,
                    0.08383331447839737,
                    0.7371494770050049
                ],
                [
                    0.0,
                    0.0,
                    0.0,
                    1.0
                ]
            ]
        },
        {
            "fl_x": 769.9600288089052,
            "fl_y": 769.9600288089052,
            "cx": 485.539794921875,
            "cy": 375.43231201171875,
            "w": 994,
            "h": 738,
            "file_path": "./images/frame_00028.jpg",
            "transform_matrix": [
                [
                    0.07942286133766174,
                    0.39606356620788574,
                    0.9147817492485046,
                    0.5628066062927246
                ],
                [
                    -0.037125442177057266,
                    0.918219268321991,
                    -0.39432859420776367,
                    -5.9220380783081055
                ],
                [
                    -0.9961494207382202,
                    -0.0026429714635014534,
                    0.08763164281845093,
                    0.7369361519813538
                ],
                [
                    0.0,
                    0.0,
                    0.0,
                    1.0
                ]
            ]
        },
        {
            "fl_x": 769.9352105772269,
            "fl_y": 769.9352105772269,
            "cx": 485.13671875,
            "cy": 376.6587219238281,
            "w": 994,
            "h": 738,
            "file_path": "./images/frame_00029.jpg",
            "transform_matrix": [
                [
                    0.0786607414484024,
                    0.44208359718322754,
                    0.8935180902481079,
                    0.3797623813152313
                ],
                [
                    -0.03975318744778633,
                    0.8969734311103821,
                    -0.4402935206890106,
                    -6.224872589111328
                ],
                [
                    -0.9961085319519043,
                    -0.0008863777620717883,
                    0.08813082426786423,
                    0.742040753364563
                ],
                [
                    0.0,
                    0.0,
                    0.0,
                    1.0
                ]
            ]
        },
        {
            "fl_x": 769.9241396993704,
            "fl_y": 769.9241396993704,
            "cx": 485.64459228515625,
            "cy": 376.92626953125,
            "w": 994,
            "h": 738,
            "file_path": "./images/frame_00030.jpg",
            "transform_matrix": [
                [
                    0.08081519603729248,
                    0.44906407594680786,
                    0.8898372650146484,
                    0.26268404722213745
                ],
                [
                    -0.039777129888534546,
                    0.8934992551803589,
                    -0.4472995698451996,
                    -6.561122417449951
                ],
                [
                    -0.9959350824356079,
                    0.000753428612370044,
                    0.09007079154253006,
                    0.7384401559829712
                ],
                [
                    0.0,
                    0.0,
                    0.0,
                    1.0
                ]
            ]
        },
        {
            "fl_x": 769.9600288089052,
            "fl_y": 769.9600288089052,
            "cx": 485.51275634765625,
            "cy": 375.53240966796875,
            "w": 994,
            "h": 738,
            "file_path": "./images/frame_00031.jpg",
            "transform_matrix": [
                [
                    0.08824802935123444,
                    0.44995826482772827,
                    0.8886787295341492,
                    0.07733190804719925
                ],
                [
                    -0.04459434375166893,
                    0.8930495977401733,
                    -0.4477429986000061,
                    -6.866433620452881
                ],
                [
                    -0.9950997829437256,
                    -0.00011760331835830584,
                    0.09887546300888062,
                    0.7245449423789978
                ],
                [
                    0.0,
                    0.0,
                    0.0,
                    1.0
                ]
            ]
        },
        {
            "fl_x": 769.9434224921204,
            "fl_y": 769.9434224921204,
            "cx": 485.0177001953125,
            "cy": 376.6481018066406,
            "w": 994,
            "h": 738,
            "file_path": "./images/frame_00032.jpg",
            "transform_matrix": [
                [
                    0.09552820771932602,
                    0.46687814593315125,
                    0.8791468143463135,
                    -0.13509608805179596
                ],
                [
                    -0.04743776470422745,
                    0.8843176364898682,
                    -0.4644695520401001,
                    -7.172817230224609
                ],
                [
                    -0.9942957162857056,
                    0.0026651814114302397,
                    0.10662493109703064,
                    0.7165528535842896
                ],
                [
                    0.0,
                    0.0,
                    0.0,
                    1.0
                ]
            ]
        },
        {
            "fl_x": 769.926937833334,
            "fl_y": 769.926937833334,
            "cx": 485.68017578125,
            "cy": 376.65203857421875,
            "w": 994,
            "h": 738,
            "file_path": "./images/frame_00033.jpg",
            "transform_matrix": [
                [
                    0.09985263645648956,
                    0.49401599168777466,
                    0.8636999726295471,
                    -0.2731068730354309
                ],
                [
                    -0.058732401579618454,
                    0.8694510459899902,
                    -0.49051541090011597,
                    -7.473629951477051
                ],
                [
                    -0.993267297744751,
                    -0.001747914939187467,
                    0.11583172529935837,
                    0.7075281739234924
                ],
                [
                    0.0,
                    0.0,
                    0.0,
                    1.0
                ]
            ]
        },
        {
            "fl_x": 769.9572915039405,
            "fl_y": 769.9572915039405,
            "cx": 485.5492248535156,
            "cy": 375.97882080078125,
            "w": 994,
            "h": 738,
            "file_path": "./images/frame_00034.jpg",
            "transform_matrix": [
                [
                    0.11749666184186935,
                    0.5286605954170227,
                    0.8406619429588318,
                    -0.46158063411712646
                ],
                [
                    -0.07447534799575806,
                    0.8488325476646423,
                    -0.5233896374702454,
                    -7.752273082733154
                ],
                [
                    -0.9902766942977905,
                    -0.0011120570125058293,
                    0.13910716772079468,
                    0.6998470425605774
                ],
                [
                    0.0,
                    0.0,
                    0.0,
                    1.0
                ]
            ]
        },
        {
            "fl_x": 769.9158669554777,
            "fl_y": 769.9158669554777,
            "cx": 485.126220703125,
            "cy": 376.2176208496094,
            "w": 994,
            "h": 738,
            "file_path": "./images/frame_00035.jpg",
            "transform_matrix": [
                [
                    0.11380128562450409,
                    0.5891637802124023,
                    0.7999595403671265,
                    -0.7087435722351074
                ],
                [
                    -0.0805807113647461,
                    0.8080112934112549,
                    -0.5836305022239685,
                    -8.011268615722656
                ],
                [
                    -0.9902302622795105,
                    0.001956591149792075,
                    0.13942795991897583,
                    0.7149222493171692
                ],
                [
                    0.0,
                    0.0,
                    0.0,
                    1.0
                ]
            ]
        },
        {
            "fl_x": 769.9186042604421,
            "fl_y": 769.9186042604421,
            "cx": 485.9215087890625,
            "cy": 376.68572998046875,
            "w": 994,
            "h": 738,
            "file_path": "./images/frame_00036.jpg",
            "transform_matrix": [
                [
                    0.11286631971597672,
                    0.6332924962043762,
                    0.7656381726264954,
                    -0.9078207015991211
                ],
                [
                    -0.08672958612442017,
                    0.7738999724388123,
                    -0.6273410320281982,
                    -8.312954902648926
                ],
                [
                    -0.98981773853302,
                    0.004402196034789085,
                    0.1422724425792694,
                    0.7085685133934021
                ],
                [
                    0.0,
                    0.0,
                    0.0,
                    1.0
                ]
            ]
        },
        {
            "fl_x": 769.9047960776212,
            "fl_y": 769.9047960776212,
            "cx": 485.4573974609375,
            "cy": 376.1396179199219,
            "w": 994,
            "h": 738,
            "file_path": "./images/frame_00037.jpg",
            "transform_matrix": [
                [
                    0.11790605634450912,
                    0.6314413547515869,
                    0.7664071917533875,
                    -1.1704094409942627
                ],
                [
                    -0.09188107401132584,
                    0.7754168510437012,
                    -0.6247291564941406,
                    -8.53109359741211
                ],
                [
                    -0.9887648820877075,
                    0.003241034923121333,
                    0.1494438499212265,
                    0.7132333517074585
                ],
                [
                    0.0,
                    0.0,
                    0.0,
                    1.0
                ]
            ]
        },
        {
            "fl_x": 769.9213415654067,
            "fl_y": 769.9213415654067,
            "cx": 485.680419921875,
            "cy": 376.30389404296875,
            "w": 994,
            "h": 738,
            "file_path": "./images/frame_00038.jpg",
            "transform_matrix": [
                [
                    0.1134733334183693,
                    0.6346437931060791,
                    0.7644286155700684,
                    -1.4520800113677979
                ],
                [
                    -0.08931868523359299,
                    0.7727988958358765,
                    -0.6283343434333801,
                    -8.775839805603027
                ],
                [
                    -0.9895180463790894,
                    0.003021436743438244,
                    0.14437761902809143,
                    0.740768551826477
                ],
                [
                    0.0,
                    0.0,
                    0.0,
                    1.0
                ]
