{
  "camera_angle_x": 1.128268441055536,
  "camera_angle_y": 0.301128724767811,
  "fl_x": 785.4928475023986,
  "fl_y": 2432.2316838886413,
  "k1": 0.25437818285957425,
  "k2": -0.13005688643367277,
  "k3": 0,
  "k4": 0,
  "p1": 0.025666372340392592,
  "p2": 0.16361696838660256,
  "is_fisheye": false,
  "cx": 477.7269209621229,
  "cy": 351.05439691691237,
  "w": 994.0,
  "h": 738.0,
  "aabb_scale": 64,
  "frames": [
    {
      "file_path": "./images/frame_00067.jpg",
      "sharpness": 693.1903426150053,
      "transform_matrix": [
        [
          -0.4315743221412844,
          -0.5204587688648461,
          0.736794594457383,
          4.861794690690319
        ],
        [
          0.9020043871615551,
          -0.2385886819639191,
          0.3598104033986463,
          2.0543801759611253
        ],
        [
          -0.011475628407895991,
          0.8198768875836312,
          0.5724248415419537,
          4.1911920168496435
        ],
        [
          0.0,
          0.0,
          0.0,
          1.0
        ]
      ]
    },
    {
      "file_path": "./images/frame_00005.jpg",
      "sharpness": 145.72378033020993,
      "transform_matrix": [
        [
          0.17547137845986088,
          0.030697412174320787,
          0.9840058253226126,
          5.3966118116485005
        ],
        [
          0.9837925381975173,
          0.032001630979847984,
          -0.17643167917181315,
          -1.5957468722074037
        ],
        [
          -0.03690578728013966,
          0.999016298443542,
          -0.024584514738072896,
          -0.6842912015240199
        ],
        [
          0.0,
          0.0,
          0.0,
          1.0
        ]
      ]
    },
    {
      "file_path": "./images/frame_00013.jpg",
      "sharpness": 282.81868279651127,
      "transform_matrix": [
        [
          0.2937356773545999,
          0.18688849089060078,
          0.9374390880816248,
          3.887756499781634
        ],
        [
          0.9461458427132836,
          0.08280488569359203,
          -0.3129718761095171,
          -1.9389793471092116
        ],
        [
          -0.13611537815061175,
          0.9788851020073298,
          -0.1525010195196237,
          -1.2232901368702627
        ],
        [
          0.0,
          0.0,
          0.0,
          1.0
        ]
      ]
    },
    {
      "file_path": "./images/frame_00068.jpg",
      "sharpness": 838.8741382794688,
      "transform_matrix": [
        [
          -0.4104073927838227,
          -0.5618676523380166,
          0.7182412639539659,
          4.555907488603146
        ],
        [
          0.9113098995574648,
          -0.2243225259338162,
          0.3452443646768261,
          1.9747825061388196
        ],
        [
          -0.03286394610384791,
          0.7962312136922388,
          0.6040991768279254,
          4.171912426039557
        ],
        [
          0.0,
          0.0,
          0.0,
          1.0
        ]
      ]
    },
    {
      "file_path": "./images/frame_00006.jpg",
      "sharpness": 110.25176593420966,
      "transform_matrix": [
        [
          0.1721618650554356,
          -0.04909986390018029,
          0.983844243580892,
          5.094517848194232
        ],
        [
          0.9850291518478599,
          0.01752748360871894,
          -0.17149448195816983,
          -1.5223247410071712
        ],
        [
          -0.008823958129118497,
          0.9986400706655197,
          0.051382361561245524,
          -0.7085968718030977
        ],
        [
          0.0,
          0.0,
          0.0,
          1.0
        ]
      ]
    },
    {
      "file_path": "./images/frame_00002.jpg",
      "sharpness": 443.37921834612496,
      "transform_matrix": [
        [
          0.3304438438210896,
          0.20158751226772795,
          0.9220462792181809,
          5.393795929055381
        ],
        [
          0.9404779037381578,
          0.011881652478109305,
          -0.3396470799646887,
          -1.683367196039745
        ],
        [
          -0.07942404335748376,
          0.9793984384748236,
          -0.18566238204153018,
          -0.637382509162316
        ],
        [
          0.0,
          0.0,
          0.0,
          1.0
        ]
      ]
    },
    {
      "file_path": "./images/frame_00071.jpg",
      "sharpness": 700.0619083071582,
      "transform_matrix": [
        [
          -0.4073487021778684,
          -0.5745378720934996,
          0.70991074678858,
          4.546342423849894
        ],
        [
          0.913233944287744,
          -0.24908965919230788,
          0.3224253474805898,
          1.9920696177598285
        ],
        [
          -0.008414147075981088,
          0.7796541382274595,
          0.6261538364725481,
          4.2510919217832415
        ],
        [
          0.0,
          0.0,
          0.0,
          1.0
        ]
      ]
    },
    {
      "file_path": "./images/frame_00003.jpg",
      "sharpness": 224.81195266890572,
      "transform_matrix": [
        [
          0.24059514925178654,
          0.1403879372051116,
          0.9604192841074378,
          5.625329958360904
        ],
        [
          0.9679796009815622,
          0.038307886305611674,
          -0.2480886896741592,
          -1.6251985857179279
        ],
        [
          -0.07162029212857891,
          0.9893552107251503,
          -0.12667596781520957,
          -0.710378759269155
        ],
        [
          0.0,
          0.0,
          0.0,
          1.0
        ]
      ]
    },
    {
      "file_path": "./images/frame_00004.jpg",
      "sharpness": 252.9455729628644,
      "transform_matrix": [
        [
          0.20557074974765951,
          0.10565144836914724,
          0.9729226271124166,
          5.658232687621977
        ],
        [
          0.9768616795960902,
          0.037790770696117616,
          -0.21050680891783255,
          -1.6674534146759044
        ],
        [
          -0.059007845160005984,
          0.9936848741743017,
          -0.09543817424010215,
          -0.7217310259368656
        ],
        [
          0.0,
          0.0,
          0.0,
          1.0
        ]
      ]
    },
    {
      "file_path": "./images/frame_00072.jpg",
      "sharpness": 505.27976768072347,
      "transform_matrix": [
        [
          -0.3961514798300629,
          -0.5848616813771363,
          0.7078141131164313,
          4.555696124878683
        ],
        [
          0.9181824582400185,
          -0.25046484643905276,
          0.30693376173443043,
          1.9746757921456486
        ],
        [
          -0.0022312428103069344,
          0.771494766279126,
          0.6362317558994895,
          4.171608469768557
        ],
        [
          0.0,
          0.0,
          0.0,
          1.0
        ]
      ]
    },
    {
      "file_path": "./images/frame_00001.jpg",
      "sharpness": 599.1488348072737,
      "transform_matrix": [
        [
          0.4031956478852487,
          0.09907505667706812,
          0.9097347980111951,
          4.829882843433087
        ],
        [
          0.8779235069029455,
          0.23864854565188987,
          -0.4150869640200005,
          -1.966111913046706
        ],
        [
          -0.25823165096048134,
          0.9660388216083963,
          0.009241733776446227,
          0.45725978372764486
        ],
        [
          0.0,
          0.0,
          0.0,
          1.0
        ]
      ]
    },
    {
      "file_path": "./images/frame_00014.jpg",
      "sharpness": 289.02385433184105,
      "transform_matrix": [
        [
          0.29934683483752245,
          0.23679436245390248,
          0.9242942726342331,
          3.8387213860357936
        ],
        [
          0.9423295360097313,
          0.07860363019880806,
          -0.32532524478915403,
          -1.9312019632762931
        ],
        [
          -0.14968806913102506,
          0.9683748753882446,
          -0.19960857379415387,
          -1.2142288595639679
        ],
        [
          0.0,
          0.0,
          0.0,
          1.0
        ]
      ]
    },
    {
      "file_path": "./images/frame_00018.jpg",
      "sharpness": 347.1716109498416,
      "transform_matrix": [
        [
          0.2584321857447912,
          0.3762195276909072,
          0.8897593339756766,
          3.3381612741882516
        ],
        [
          0.9471771106168091,
          0.08239137174967283,
          -0.30994706483312523,
          -1.5991037653262667
        ],
        [
          -0.18991663039403275,
          0.9228599725294252,
          -0.3350539429081148,
          -1.0982871332066362
        ],
        [
          0.0,
          0.0,
          0.0,
          1.0
        ]
      ]
    },
    {
      "file_path": "./images/frame_00015.jpg",
      "sharpness": 798.1021514323297,
      "transform_matrix": [
        [
          0.30182536293750406,
          0.2533159050282319,
          0.9190933046154842,
          3.790059827058943
        ],
        [
          0.9405381050746651,
          0.07848012682450423,
          -0.33049802209701246,
          -1.9194773754676993
        ],
        [
          -0.15585096468732132,
          0.9641949605794177,
          -0.21456596853833965,
          -1.2059652788281647
        ],
        [
          0.0,
          0.0,
          0.0,
          1.0
        ]
      ]
    },
    {
      "file_path": "./images/frame_00017.jpg",
      "sharpness": 424.94182246156714,
      "transform_matrix": [
        [
          0.293089622371013,
          0.3129735885007683,
          0.9034079954267665,
          3.5010757911701638
        ],
        [
          0.9405294101888769,
          0.07537364686448275,
          -0.3312449877990329,
          -1.8039918693850938
        ],
        [
          -0.17176408772620366,
          0.9467662574849617,
          -0.27226963090108647,
          -1.1441403330855702
        ],
        [
          0.0,
          0.0,
          0.0,
          1.0
        ]
      ]
    },
    {
      "file_path": "./images/frame_00016.jpg",
      "sharpness": 1017.6092159737435,
      "transform_matrix": [
        [
          0.2964410368303407,
          0.2690715643474384,
          0.9163641224885524,
          3.6420560409750498
        ],
        [
          0.9414613580010104,
          0.07895745241161481,
          -0.32774415649013516,
          -1.8549959531611138
        ],
        [
          -0.16054040948563342,
          0.959878228746498,
          -0.22991425131161425,
          -1.184801092989618
        ],
        [
          0.0,
          0.0,
          0.0,
          1.0
        ]
      ]
    },
    {
      "file_path": "./images/frame_00019.jpg",
      "sharpness": 792.9040469614652,
      "transform_matrix": [
        [
          0.21902992841967509,
          0.4269622073789982,
          0.8773421020150378,
          3.2438516368783086
        ],
        [
          0.9555840061201146,
          0.08785678423300015,
          -0.2813190230424145,
          -1.4679851438102214
        ],
        [
          -0.19719304681115465,
          0.899991366061445,
          -0.38875499142737335,
          -1.1113123739397939
        ],
        [
          0.0,
          0.0,
          0.0,
          1.0
        ]
      ]
    },
    {
      "file_path": "./images/frame_00021.jpg",
      "sharpness": 394.29001512966704,
      "transform_matrix": [
        [
          0.22775920259123755,
          0.43091611924472345,
          0.8731764104988812,
          2.9828956734534273
        ],
        [
          0.9525276073881136,
          0.08746054186138638,
          -0.29161929084794447,
          -1.3803234621094733
        ],
        [
          -0.20203193511190695,
          0.8981436142639905,
          -0.3905395567766006,
          -1.0993465659962736
        ],
        [
          0.0,
          0.0,
          0.0,
          1.0
        ]
      ]
    },
    {
      "file_path": "./images/frame_00085.jpg",
      "sharpness": 93.00058604916823,
      "transform_matrix": [
        [
          -0.3496176235199741,
          -0.5812634994987319,
          0.7347790562586642,
          3.6660971261579745
        ],
        [
          0.9347643173701614,
          -0.2692472809889937,
          0.2317791463126039,
          1.3436108693031221
        ],
        [
          0.06311250532881138,
          0.7678793172568228,
          0.63747797283971,
          2.387515701383965
        ],
        [
          0.0,
          0.0,
          0.0,
          1.0
        ]
      ]
    },
    {
      "file_path": "./images/frame_00020.jpg",
      "sharpness": 502.8459963594049,
      "transform_matrix": [
        [
          0.22454154517851016,
          0.4328986620360199,
          0.873029119180976,
          3.110186357078764
        ],
        [
          0.9536830772983927,
          0.08641314446826828,
          -0.28813426827026906,
          -1.420486032543323
        ],
        [
          -0.2001741306217178,
          0.897291210767904,
          -0.39344478718622966,
          -1.1013006920402812
        ],
        [
          0.0,
          0.0,
          0.0,
          1.0
        ]
      ]
    },
    {
      "file_path": "./images/frame_00022.jpg",
      "sharpness": 367.1965321157702,
      "transform_matrix": [
        [
          0.2307846908371553,
          0.4247578846011638,
          0.8753965764075062,
          2.8584980883241227
        ],
        [
          0.9520138034105946,
          0.08729615527455194,
          -0.29334126781590864,
          -1.3482756251724026
        ],
        [
          -0.20101777184458958,
          0.9010882980009968,
          -0.3842287530414825,
          -1.0930313593581542
        ],
        [
          0.0,
          0.0,
          0.0,
          1.0
        ]
      ]
    },
    {
      "file_path": "./images/frame_00086.jpg",
      "sharpness": 189.74428408421318,
      "transform_matrix": [
        [
          -0.3348476906292009,
          -0.549983011888298,
          0.7651115675221534,
          3.598440210111885
        ],
        [
          0.941905585820182,
          -0.21801742085912393,
          0.2555039561661325,
          1.3369962388451322
        ],
        [
          0.026284815259036295,
          0.8062177688936056,
          0.5910347008954077,
          2.3360450732190747
        ],
        [
          0.0,
          0.0,
          0.0,
          1.0
        ]
      ]
    },
    {
      "file_path": "./images/frame_00023.jpg",
      "sharpness": 380.8271731937378,
      "transform_matrix": [
        [
          0.23453539161027875,
          0.4194322516879204,
          0.8769662116454964,
          2.794929097258691
        ],
        [
          0.9512115964681023,
          0.08702309729591612,
          -0.296012633675489,
          -1.3251941487650352
        ],
        [
          -0.20047356143183895,
          0.9036058691885672,
          -0.3785588255348405,
          -1.0819847826682183
        ],
        [
          0.0,
          0.0,
          0.0,
          1.0
        ]
      ]
    },
    {
      "file_path": "./images/frame_00024.jpg",
      "sharpness": 446.30910743512544,
      "transform_matrix": [
        [
          0.2338937713473948,
          0.3986846582994922,
          0.8867605353212046,
          2.645503511208112
        ],
        [
          0.9531135232142554,
          0.08610052838999656,
          -0.2901056891736899,
          -1.2965231437865852
        ],
        [
          -0.19201123820550317,
          0.9130373717975219,
          -0.35985336202316076,
          -1.0525906988632818
        ],
        [
          0.0,
          0.0,
          0.0,
          1.0
        ]
      ]
    },
    {
      "file_path": "./images/frame_00091.jpg",
      "sharpness": 196.32161344560973,
      "transform_matrix": [
        [
          -0.3068554958280887,
          -0.5474039915612255,
          0.7785811291988619,
          3.3850297568109053
        ],
        [
          0.9510847981009574,
          -0.145644155653961,
          0.27244354783876834,
          1.1877877906096912
        ],
        [
          -0.0357408943917677,
          0.824097476026544,
          0.5653193243913259,
          1.831224373129908
        ],
        [
          0.0,
          0.0,
          0.0,
          1.0
        ]
      ]
    },
    {
      "file_path": "./images/frame_00025.jpg",
      "sharpness": 571.854282150624,
      "transform_matrix": [
        [
          0.23651246626059352,
          0.38048904792470234,
          0.8940301660203223,
          2.50853074950093
        ],
        [
          0.9533586153583063,
          0.0867193286724405,
          -0.2891143520660356,
          -1.281435494948076
        ],
        [
          -0.187534540369166,
          0.9207105096041627,
          -0.34223230959171275,
          -1.0325235322169115
        ],
        [
          0.0,
          0.0,
          0.0,
          1.0
        ]
      ]
    },
    {
      "file_path": "./images/frame_00026.jpg",
      "sharpness": 645.2664262392378,
      "transform_matrix": [
        [
          0.22931406741288982,
          0.3742948563724739,
          0.8985089977408713,
          2.3696995386215183
        ],
        [
          0.9557332689429774,
          0.08825952141291414,
          -0.28068518936595754,
          -1.2424000262914172
        ],
        [
          -0.1843609967654182,
          0.9231000040216263,
          -0.33748689678629645,
          -1.002564920392287
        ],
        [
          0.0,
          0.0,
          0.0,
          1.0
        ]
      ]
    },
    {
      "file_path": "./images/frame_00090.jpg",
      "sharpness": 327.5653924092251,
      "transform_matrix": [
        [
          -0.30610733212623153,
          -0.5268913890652883,
          0.7928958099202263,
          3.417454961957034
        ],
        [
          0.9507064949229651,
          -0.12583598245923566,
          0.28341218400710744,
          1.2229269129938318
        ],
        [
          -0.04955261608040888,
          0.8405657438268481,
          0.5394383825794326,
          1.9610438119756959
        ],
        [
          0.0,
          0.0,
          0.0,
          1.0
        ]
      ]
    },
    {
      "file_path": "./images/frame_00027.jpg",
      "sharpness": 933.3083441663844,
      "transform_matrix": [
        [
          0.21836458444553844,
          0.37247798093789564,
          0.9019850675138671,
          2.2313732779513575
        ],
        [
          0.9590116873024648,
          0.08913961929511578,
          -0.26898087646349716,
          -1.2156592747046593
        ],
        [
          -0.1805920593040944,
          0.9237501188308497,
          -0.33774580105725516,
          -0.9702413286926619
        ],
        [
          0.0,
          0.0,
          0.0,
          1.0
        ]
      ]
    },
    {
      "file_path": "./images/frame_00087.jpg",
      "sharpness": 652.9515073587701,
      "transform_matrix": [
        [
          -0.31778979534225016,
          -0.5314640198431421,
          0.7852105715221485,
          3.5750507170234846
        ],
        [
          0.9478017077805007,
          -0.15525804549805125,
          0.27850828003914174,
          1.336691664206389
        ],
        [
          -0.026106871430265185,
          0.8327310099707562,
          0.5530619281352833,
          2.3246957043860603
        ],
        [
          0.0,
          0.0,
          0.0,
          1.0
        ]
      ]
    },
    {
      "file_path": "./images/frame_00033.jpg",
      "sharpness": 86.28309216785053,
      "transform_matrix": [
        [
          0.23224923887468205,
          0.35451464258139115,
          0.9057481213224562,
          1.1858648721111125
        ],
        [
          0.955504993388762,
          0.09094637072156497,
          -0.28060464229158194,
          -0.9627652005979759
        ],
        [
          -0.1818529588908325,
          0.9306170672730197,
          -0.31761828583745344,
          -0.7346402308669915
        ],
        [
          0.0,
          0.0,
          0.0,
          1.0
        ]
      ]
    },
    {
      "file_path": "./images/frame_00088.jpg",
      "sharpness": 653.1262400124705,
      "transform_matrix": [
        [
          -0.30941596206753785,
          -0.5184313696562182,
          0.7971766914654727,
          3.4909536032875397
        ],
        [
          0.9498378561606194,
          -0.1283883817026396,
          0.28517445618751547,
          1.2902045043351076
        ],
        [
          -0.04549515856394443,
          0.8454261283211272,
          0.5321511553634923,
          2.19113060115112
        ],
        [
          0.0,
          0.0,
          0.0,
          1.0
        ]
      ]
    },
    {
      "file_path": "./images/frame_00030.jpg",
      "sharpness": 285.73044324250776,
      "transform_matrix": [
        [
          0.20917752297232572,
          0.2883624995783912,
          0.9343938317228468,
          1.7934926318721465
        ],
        [
          0.9663970106287729,
          0.08503074296292382,
          -0.2425831622615505,
          -1.0633640828669977
        ],
        [
          -0.14940408875673822,
          0.9537383507235891,
          -0.26088613738051736,
          -0.895115567571119
        ],
        [
          0.0,
          0.0,
          0.0,
          1.0
        ]
      ]
    },
    {
      "file_path": "./images/frame_00089.jpg",
      "sharpness": 481.8188368712362,
      "transform_matrix": [
        [
          -0.3092546187384143,
          -0.5185941569787301,
          0.7971334149175519,
          3.4253987110044326
        ],
        [
          0.949547628171581,
          -0.12241350245896554,
          0.288745971856445,
          1.2519080857380802
        ],
        [
          -0.05216208060876385,
          0.8462121689099923,
          0.5302867927741751,
          2.074739295975018
        ],
        [
          0.0,
          0.0,
          0.0,
          1.0
        ]
      ]
    },
    {
      "file_path": "./images/frame_00029.jpg",
      "sharpness": 292.6534641408437,
      "transform_matrix": [
        [
          0.20249617854618468,
          0.32953599742868533,
          0.9221720686046139,
          1.9875363219960265
        ],
        [
          0.9658696860904649,
          0.08811683586658266,
          -0.24357991038309795,
          -1.0938079497405506
        ],
        [
          -0.1615272335316638,
          0.9400220474477327,
          -0.30044550786338786,
          -0.9522385942368833
        ],
        [
          0.0,
          0.0,
          0.0,
          1.0
        ]
      ]
    },
    {
      "file_path": "./images/frame_00028.jpg",
      "sharpness": 469.69699624711455,
      "transform_matrix": [
        [
          0.20691539625085528,
          0.3621640909513168,
          0.9088581792894849,
          2.1235305496379735
        ],
        [
          0.9626130691799628,
          0.09063139824077261,
          -0.2552685423445758,
          -1.1753202218550292
        ],
        [
          -0.17482018717825962,
          0.92769775300477,
          -0.32987085545765976,
          -0.9717785875293189
        ],
        [
          0.0,
          0.0,
          0.0,
          1.0
        ]
      ]
    },
    {
      "file_path": "./images/frame_00032.jpg",
      "sharpness": 193.63340293595053,
      "transform_matrix": [
        [
          0.22132766618974653,
          0.29507482669281876,
          0.9294863693851798,
          1.394481986568958
        ],
        [
          0.9631656875898745,
          0.08312831821649998,
          -0.2557372498755123,
          -0.977856041535957
        ],
        [
          -0.1527282633780652,
          0.9518511067470239,
          -0.2658073516769153,
          -0.7881588840469931
        ],
        [
          0.0,
          0.0,
          0.0,
          1.0
        ]
      ]
    },
    {
      "file_path": "./images/frame_00031.jpg",
      "sharpness": 382.1687672440027,
      "transform_matrix": [
        [
          0.2126853282703043,
          0.2749202768093753,
          0.937648011025059,
          1.5997461870802696
        ],
        [
          0.9664685827243403,
          0.08211901304629053,
          -0.24330011573564364,
          -0.9991656953837068
        ],
        [
          -0.14388686441599127,
          0.9579537092931237,
          -0.24823630104315655,
          -0.8414425927084346
        ],
        [
          0.0,
          0.0,
          0.0,
          1.0
        ]
      ]
    },
    {
      "file_path": "./images/frame_00034.jpg",
      "sharpness": 185.5444554008171,
      "transform_matrix": [
        [
          0.2439892154578811,
          0.407284448657749,
          0.8801071756686458,
          1.0138057164020446
        ],
        [
          0.9477717104522378,
          0.0920924550375087,
          -0.30536496951266934,
          -0.9482254803766235
        ],
        [
          -0.20542163375081138,
          0.9086464426044766,
          -0.36354311269075934,
          -0.673139832494232
        ],
        [
          0.0,
          0.0,
          0.0,
          1.0
        ]
      ]
    },
    {
      "file_path": "./images/frame_00035.jpg",
      "sharpness": 136.30623970086233,
      "transform_matrix": [
        [
          0.2532864684959971,
          0.48402677470652494,
          0.837594201439853,
          0.7842519215759907
        ],
        [
          0.9345766926898545,
          0.10116515252660922,
          -0.3410747973817925,
          -0.9166714903897557
        ],
        [
          -0.24982467925445676,
          0.8691856495196795,
          -0.4267363780602376,
          -0.5889920118437569
        ],
        [
          0.0,
          0.0,
          0.0,
          1.0
        ]
      ]
    },
    {
      "file_path": "./images/frame_00063.jpg",
      "sharpness": 303.2896974052867,
      "transform_matrix": [
        [
          -0.4089851579998936,
          -0.6064595295882008,
          0.6818636077318542,
          4.862778043956088
        ],
        [
          0.9119906498075571,
          -0.24569289554878213,
          0.3284936160023728,
          2.066449347205964
        ],
        [
          -0.031689039680547905,
          0.7562022481381856,
          0.6535701681765989,
          4.183786730917126
        ],
        [
          0.0,
          0.0,
          0.0,
          1.0
        ]
      ]
    },
    {
      "file_path": "./images/frame_00064.jpg",
      "sharpness": 478.9519120074002,
      "transform_matrix": [
        [
          -0.39384427784161935,
          -0.5797056700154777,
          0.7133218214837951,
          4.738216595687961
        ],
        [
          0.9167897046667758,
          -0.19184708521035115,
          0.35027322667764343,
          2.0439518547632836
        ],
        [
          -0.06620666329104205,
          0.7919192080586055,
          0.6070260667378355,
          4.061371876702145
        ],
        [
          0.0,
          0.0,
          0.0,
          1.0
        ]
      ]
    },
    {
      "file_path": "./images/frame_00065.jpg",
      "sharpness": 738.9629660887532,
      "transform_matrix": [
        [
          -0.43245793593741416,
          -0.5036390116659466,
          0.7478822632036006,
          4.950673708357932
        ],
        [
          0.9011065791079985,
          -0.21251042624641384,
          0.37795006527148184,
          2.1332086827968166
        ],
        [
          -0.03141761879687925,
          0.8373691328856604,
          0.5457342472073385,
          4.082915939742853
        ],
        [
          0.0,
          0.0,
          0.0,
          1.0
        ]
      ]
    },
    {
      "file_path": "./images/frame_00066.jpg",
      "sharpness": 717.3583484598505,
      "transform_matrix": [
        [
          -0.44006486166618086,
          -0.5040341606962083,
          0.7431638328253289,
          4.910290677131945
        ],
        [
          0.8978093705743112,
          -0.23151164947724173,
          0.37462072857645684,
          2.100216034185416
        ],
        [
          -0.016770559738215455,
          0.8320768720807836,
          0.5544067345639258,
          4.128787214106507
        ],
        [
          0.0,
          0.0,
          0.0,
          1.0
        ]
      ]
    },
    {
      "file_path": "./images/frame_00069.jpg",
      "sharpness": 861.8600958486237,
      "transform_matrix": [
        [
          -0.41235373507350737,
          -0.5645396291318581,
          0.7150240585828086,
          4.620227617549272
        ],
        [
          0.9108421339479095,
          -0.23980083692989362,
          0.33594964748725503,
          2.001045552441395
        ],
        [
          -0.0181935217262667,
          0.789804131281658,
          0.6130892512784175,
          4.275453061856736
        ],
        [
          0.0,
          0.0,
          0.0,
          1.0
        ]
      ]
    },
    {
      "file_path": "./images/frame_00070.jpg",
      "sharpness": 787.2209762578374,
      "transform_matrix": [
        [
          -0.41471668652985455,
          -0.5696206412074265,
          0.7096072118191714,
          4.568363230583921
        ],
        [
          0.9099153635106427,
          -0.2527373131948261,
          0.3289040616657461,
          2.006916052033353
        ],
        [
          -0.008006322362919907,
          0.7820845067324441,
          0.6231209538980371,
          4.274411857402506
        ],
        [
          0.0,
          0.0,
          0.0,
          1.0
        ]
      ]
    },
    {
      "file_path": "./images/frame_00073.jpg",
      "sharpness": 181.34504147852098,
      "transform_matrix": [
        [
          -0.3895223438749456,
          -0.6197796540452595,
          0.681282264627039,
          4.359333095892275
        ],
        [
          0.921016394447603,
          -0.2629802852728181,
          0.287350257926514,
          1.9473063995916942
        ],
        [
          0.0010699608554194087,
          0.739401480948499,
          0.6732639194331177,
          4.125034914399162
        ],
        [
          0.0,
          0.0,
          0.0,
          1.0
        ]
      ]
    },
    {
      "file_path": "./images/frame_00104.jpg",
      "sharpness": 140.6801048704835,
      "transform_matrix": [
        [
          0.2766218211777599,
          0.10937588088447794,
          0.954734143503145,
          3.4509607472705257
        ],
        [
          0.9575737421944257,
          0.05218902945733913,
          -0.2834234173069225,
          -1.392147133588527
        ],
        [
          -0.08082633427044669,
          0.9926294484549614,
          -0.09029884719037239,
          -0.9555873731814912
        ],
        [
          0.0,
          0.0,
          0.0,
          1.0
        ]
      ]
    },
    {
      "file_path": "./images/frame_00105.jpg",
      "sharpness": 212.26764782144605,
      "transform_matrix": [
        [
          0.2583048079994234,
          0.1525238779678352,
          0.9539471121900175,
          3.504211789746255
        ],
        [
          0.961725012285196,
          0.05287969824155114,
          -0.268865650972361,
          -1.3336315674949053
        ],
        [
          -0.09145286716965825,
          0.9868840885424275,
          -0.13302694811105079,
          -0.9606420581990026
        ],
        [
          0.0,
          0.0,
          0.0,
          1.0
        ]
      ]
    },
    {
      "file_path": "./images/frame_00106.jpg",
      "sharpness": 229.88108783112662,
      "transform_matrix": [
        [
          0.23921400886838703,
          0.17707449976066233,
          0.9546838636623467,
          3.518122288134912
        ],
        [
          0.9660344048918312,
          0.05557637330420018,
          -0.25236639100622615,
          -1.283791215564282
        ],
        [
          -0.09774551923822584,
          0.9826270341891356,
          -0.1577654119413465,
          -0.9629805119764903
        ],
        [
          0.0,
          0.0,
          0.0,
          1.0
        ]
      ]
    },
    {
      "file_path": "./images/frame_00109.jpg",
      "sharpness": 906.1924664309479,
      "transform_matrix": [
        [
          0.17980358045782427,
          0.3152049928475747,
          0.9318350095269798,
          3.105220626204811
        ],
        [
          0.973398029786776,
          0.07974089339077081,
          -0.214796800586819,
          -1.179949877821208
        ],
        [
          -0.1420103801451292,
          0.9456675961762995,
          -0.29248222087621806,
          -0.9649982835626455
        ],
        [
          0.0,
          0.0,
          0.0,
          1.0
        ]
      ]
    },
    {
      "file_path": "./images/frame_00108.jpg",
      "sharpness": 720.7795161383428,
      "transform_matrix": [
        [
          0.18254723437866463,
          0.2986599793755849,
          0.936738343392495,
          3.276660262035537
        ],
        [
          0.9737676779992881,
          0.07671534252455134,
          -0.21422246735364842,
          -1.220641335278622
        ],
        [
          -0.13584188055086355,
          0.9512712404953918,
          -0.27682126101560994,
          -0.9698972712370257
        ],
        [
          0.0,
          0.0,
          0.0,
          1.0
        ]
      ]
    },
    {
      "file_path": "./images/frame_00107.jpg",
      "sharpness": 444.8598003500385,
      "transform_matrix": [
        [
          0.2090565178295075,
          0.25880454691062876,
          0.9430353009792501,
          3.4503989112038487
        ],
        [
          0.9696050545354363,
          0.07050697004638858,
          -0.23429640502594332,
          -1.2803148627611693
        ],
        [
          -0.12712753666435947,
          0.963352985009523,
          -0.23619825518069162,
          -0.9684310765194757
        ],
        [
          0.0,
          0.0,
          0.0,
          1.0
        ]
      ]
    },
    {
      "file_path": "./images/frame_00110.jpg",
      "sharpness": 682.7572573098983,
      "transform_matrix": [
        [
          0.18768414174151768,
          0.313268061417416,
          0.9309338240047803,
          2.9398268435299375
        ],
        [
          0.9715921293441819,
          0.07989678764510548,
          -0.22276722724472034,
          -1.150901714520775
        ],
        [
          -0.14416447947444241,
          0.9462978521968893,
          -0.2893734228309953,
          -0.9463376281726824
        ],
        [
          0.0,
          0.0,
          0.0,
          1.0
        ]
      ]
    },
    {
      "file_path": "./images/frame_00111.jpg",
      "sharpness": 541.177270434432,
      "transform_matrix": [
        [
          0.22974052415065546,
          0.2965752293066607,
          0.9269640904405755,
          2.719667788213932
        ],
        [
          0.9623383497645136,
          0.07301078240862344,
          -0.2618670010491259,
          -1.1230408366418627
        ],
        [
          -0.14534163939175648,
          0.9522145551643331,
          -0.2686321813327974,
          -0.9274239354759594
        ],
        [
          0.0,
          0.0,
          0.0,
          1.0
        ]
      ]
    },
    {
      "file_path": "./images/frame_00112.jpg",
      "sharpness": 723.3098453489993,
      "transform_matrix": [
        [
          0.2602972685632736,
          0.2777776539320526,
          0.9247080117508137,
          2.5442369690601567
        ],
        [
          0.9544254674011358,
          0.0707991371311483,
          -0.2899301801666705,
          -1.1221648038938148
        ],
        [
          -0.14600465458101228,
          0.9580329102962877,
          -0.24668924517581567,
          -0.9110825058137049
        ],
        [
          0.0,
          0.0,
          0.0,
          1.0
        ]
      ]
    },
    {
      "file_path": "./images/frame_00114.jpg",
      "sharpness": 579.4809083476505,
      "transform_matrix": [
        [
          0.2979676511373694,
          0.22761027154546867,
          0.9270430643742049,
          2.12370894755415
        ],
        [
          0.9449162373585158,
          0.06748101206674872,
          -0.3202805292248375,
          -1.0738747750693343
        ],
        [
          -0.13545694244102327,
          0.9714112812559406,
          -0.19496548271099273,
          -0.8445059787706423
        ],
        [
          0.0,
          0.0,
          0.0,
          1.0
        ]
      ]
    },
    {
      "file_path": "./images/frame_00113.jpg",
      "sharpness": 753.3582252177614,
      "transform_matrix": [
        [
          0.2952768265497104,
          0.24076014733033962,
          0.9245789026372195,
          2.294234318385325
        ],
        [
          0.945638268215161,
          0.06441767497659774,
          -0.3187767696233687,
          -1.0899736177114256
        ],
        [
          -0.13630796526031574,
          0.9684445852302908,
          -0.20865096213588885,
          -0.8569927270940639
        ],
        [
          0.0,
          0.0,
          0.0,
          1.0
        ]
      ]
    },
    {
      "file_path": "./images/frame_00118.jpg",
      "sharpness": 272.70968224061176,
      "transform_matrix": [
        [
          0.25822576461623997,
          0.28778000226264266,
          0.9222267209464878,
          1.472432837340962
        ],
        [
          0.9545509929223995,
          0.07106336016416155,
          -0.2894518971554848,
          -0.9028584797157465
        ],
        [
          -0.14883499724196572,
          0.9550563696416352,
          -0.2563502963884262,
          -0.6855978950341266
        ],
        [
          0.0,
          0.0,
          0.0,
          1.0
        ]
      ]
    },
    {
      "file_path": "./images/frame_00115.jpg",
      "sharpness": 487.70020922086803,
      "transform_matrix": [
        [
          0.2941453902039655,
          0.19646648808278688,
          0.9353498856170416,
          1.9508195123125676
        ],
        [
          0.9483552186372605,
          0.06159410691164252,
          -0.3111728543608848,
          -1.0212954657277897
        ],
        [
          -0.1187470787374684,
          0.9785740059435504,
          -0.16820239664885625,
          -0.7905851838489484
        ],
        [
          0.0,
          0.0,
          0.0,
          1.0
        ]
      ]
    },
    {
      "file_path": "./images/frame_00117.jpg",
      "sharpness": 260.74530473079966,
      "transform_matrix": [
        [
          0.25385969807436404,
          0.25013753758325424,
          0.9343374476210501,
          1.6657495460831735
        ],
        [
          0.9579432724781171,
          0.06859710123202734,
          -0.278637980954407,
          -0.9459543434941141
        ],
        [
          -0.13379065891244038,
          0.9657772258900961,
          -0.22220353191458136,
          -0.7294666906073815
        ],
        [
          0.0,
          0.0,
          0.0,
          1.0
        ]
      ]
    },
    {
      "file_path": "./images/frame_00121.jpg",
      "sharpness": 462.6149833940917,
      "transform_matrix": [
        [
          0.24800875349643836,
          0.3279724561783181,
          0.911551274596851,
          1.0759819802987756
        ],
        [
          0.9540734945564613,
          0.08051987465411886,
          -0.2885486385072311,
          -0.8362498815181781
        ],
        [
          -0.16803400006946687,
          0.9412494981812869,
          -0.2929401936396561,
          -0.5736388594407479
