{
  "camera_angle_x": 1.146458529652601,
  "camera_angle_y": 0.8931656786172855,
  "fl_x": 769.905231004725,
  "fl_y": 770.6002977612603,
  "k1": 0.006548735245769391,
  "k2": -0.00993507320260015,
  "k3": 0,
  "k4": 0,
  "p1": -0.0030633883154647175,
  "p2": 0.0012020999591039374,
  "is_fisheye": false,
  "cx": 489.58738282045124,
  "cy": 369.44597535505517,
  "w": 994.0,
  "h": 738.0,
  "aabb_scale": 64,
  "frames": [
    {
      "file_path": "./images/frame_00002.jpg",
      "sharpness": 2631.8813146105554,
      "transform_matrix": [
        [
          0.33850257931947486,
          -0.4713297894119053,
          0.8144103593481061,
          3.588657997710424
        ],
        [
          0.49858704328788495,
          0.8238601113263394,
          0.2695653488080349,
          1.3791499278127346
        ],
        [
          -0.7980143884042933,
          0.31480588722372255,
          0.513877698798779,
          2.6685625680167453
        ],
        [
          0.0,
          0.0,
          0.0,
          1.0
        ]
      ]
    },
    {
      "file_path": "./images/frame_00004.jpg",
      "sharpness": 2770.180124304995,
      "transform_matrix": [
        [
          0.34558990873675804,
          -0.3899421633482729,
          0.8535295684562473,
          3.854301043811542
        ],
        [
          0.494700526302345,
          0.8486187717870766,
          0.18739682359628654,
          0.8760321699981104
        ],
        [
          -0.7973951368650254,
          0.3574790755657201,
          0.48617867733006104,
          2.480835112541802
        ],
        [
          0.0,
          0.0,
          0.0,
          1.0
        ]
      ]
    },
    {
      "file_path": "./images/frame_00393.jpg",
      "sharpness": 3370.312266658272,
      "transform_matrix": [
        [
          0.6913632334537958,
          0.23534816426738608,
          0.6831018379500997,
          0.42889034782472235
        ],
        [
          0.22004534236796966,
          0.8319573853816324,
          -0.5093397257806648,
          -3.4731364973787726
        ],
        [
          -0.6881837885012857,
          0.5024521375461091,
          0.523397480671321,
          -0.6654572582194497
        ],
        [
          0.0,
          0.0,
          0.0,
          1.0
        ]
      ]
    },
    {
      "file_path": "./images/frame_00001.jpg",
      "sharpness": 2605.464972871204,
      "transform_matrix": [
        [
          0.3332449465005334,
          -0.4662467180954688,
          0.8194887451964071,
          3.58577518663202
        ],
        [
          0.49509036092842135,
          0.826230484600723,
          0.2687540155596227,
          1.3807866011743795
        ],
        [
          -0.8023922607981182,
          0.31616006109909833,
          0.5061713895814552,
          2.667246499167074
        ],
        [
          0.0,
          0.0,
          0.0,
          1.0
        ]
      ]
    },
    {
      "file_path": "./images/frame_00006.jpg",
      "sharpness": 2919.8553999136157,
      "transform_matrix": [
        [
          0.3509137614034206,
          -0.3063455608939458,
          0.8848796129331928,
          3.956304921035411
        ],
        [
          0.4792959968585764,
          0.8705652470225241,
          0.11131710613897915,
          0.5430257775932117
        ],
        [
          -0.804446940135617,
          0.3850565517568731,
          0.4523235263716354,
          2.333875401388981
        ],
        [
          0.0,
          0.0,
          0.0,
          1.0
        ]
      ]
    },
    {
      "file_path": "./images/frame_00387.jpg",
      "sharpness": 3730.5998658399712,
      "transform_matrix": [
        [
          0.749890524032671,
          -0.010097108081879155,
          0.6614848829572063,
          1.217460926090959
        ],
        [
          0.3149313295992578,
          0.8847684715322688,
          -0.34351566116626836,
          -3.311266227103214
        ],
        [
          -0.5817924540771352,
          0.4659214528649249,
          0.6666593884382519,
          -0.37845691690058114
        ],
        [
          0.0,
          0.0,
          0.0,
          1.0
        ]
      ]
    },
    {
      "file_path": "./images/frame_00003.jpg",
      "sharpness": 2733.7600526242636,
      "transform_matrix": [
        [
          0.3452781649293342,
          -0.40450895752893695,
          0.8468503363100258,
          3.7679562565008684
        ],
        [
          0.4914806340669466,
          0.8466519694543029,
          0.20402752021113119,
          1.0494659534033997
        ],
        [
          -0.7995184645777412,
          0.34576429247587664,
          0.49113875727906997,
          2.5465167399411985
        ],
        [
          0.0,
          0.0,
          0.0,
          1.0
        ]
      ]
    },
    {
      "file_path": "./images/frame_00398.jpg",
      "sharpness": 2810.424035078526,
      "transform_matrix": [
        [
          0.6113022151212907,
          0.35700863664840843,
          0.706296280007737,
          -0.2477938029513536
        ],
        [
          0.2167679006816442,
          0.7828028456789655,
          -0.5832935642351864,
          -3.5445655078134664
        ],
        [
          -0.7611315780159194,
          0.5096710097594943,
          0.40114110087531013,
          -0.8970179560278247
        ],
        [
          0.0,
          0.0,
          0.0,
          1.0
        ]
      ]
    },
    {
      "file_path": "./images/frame_00007.jpg",
      "sharpness": 2969.3455103723763,
      "transform_matrix": [
        [
          0.357726898375416,
          -0.26293298184368824,
          0.8960455977482461,
          4.0023412617048715
        ],
        [
          0.4738595243044798,
          0.8779367766890279,
          0.06844097756471275,
          0.3645449247729518
        ],
        [
          -0.8046667741648755,
          0.40011656207810115,
          0.4386548977950847,
          2.249881797450013
        ],
        [
          0.0,
          0.0,
          0.0,
          1.0
        ]
      ]
    },
    {
      "file_path": "./images/frame_00005.jpg",
      "sharpness": 2799.991343292431,
      "transform_matrix": [
        [
          0.3504596814808135,
          -0.3673991444077922,
          0.8615079107885829,
          3.9059141658758074
        ],
        [
          0.4892757501095514,
          0.856168649838749,
          0.16608577132081773,
          0.7068749668667945
        ],
        [
          -0.7986158350868393,
          0.3633085627608075,
          0.4798120842860761,
          2.4050204207082904
        ],
        [
          0.0,
          0.0,
          0.0,
          1.0
        ]
      ]
    },
    {
      "file_path": "./images/frame_00407.jpg",
      "sharpness": 2323.294458520187,
      "transform_matrix": [
        [
          0.40050326963171734,
          0.8701133533469868,
          0.2872279292619115,
          -1.45714213334605
        ],
        [
          0.023114557865292085,
          0.30377285888330713,
          -0.9524640504857682,
          -3.473980939683331
        ],
        [
          -0.9160037381336489,
          0.38810411301767167,
          0.10154973775283652,
          -1.2349895833136357
        ],
        [
          0.0,
          0.0,
          0.0,
          1.0
        ]
      ]
    },
    {
      "file_path": "./images/frame_00008.jpg",
      "sharpness": 3085.544555125654,
      "transform_matrix": [
        [
          0.3577410290341424,
          -0.22447372209019062,
          0.9064396859378395,
          4.039803516035726
        ],
        [
          0.46989109737775536,
          0.8821074168908881,
          0.03299790475796553,
          0.19721696996731775
        ],
        [
          -0.8069843324322137,
          0.41412323432799425,
          0.42104421864262437,
          2.1748017470515393
        ],
        [
          0.0,
          0.0,
          0.0,
          1.0
        ]
      ]
    },
    {
      "file_path": "./images/frame_00009.jpg",
      "sharpness": 3168.707041566336,
      "transform_matrix": [
        [
          0.3599064935016512,
          -0.17411627294207294,
          0.9165974249574494,
          4.069637646003158
        ],
        [
          0.46203340081247596,
          0.8867676806166561,
          -0.012969857154789502,
          0.029196363489694063
        ],
        [
          -0.8105507094003344,
          0.4281665612388464,
          0.399600980205552,
          2.0915869198617143
        ],
        [
          0.0,
          0.0,
          0.0,
          1.0
        ]
      ]
    },
    {
      "file_path": "./images/frame_00401.jpg",
      "sharpness": 2465.798540479573,
      "transform_matrix": [
        [
          0.5373887029279218,
          0.6375477605982233,
          0.5520382549499236,
          -0.6131127425511347
        ],
        [
          0.10725114660905452,
          0.5976088747388566,
          -0.7945821697166396,
          -3.6012380714839436
        ],
        [
          -0.8364870432675464,
          0.4862062173691198,
          0.25277052971193453,
          -1.066367397758411
        ],
        [
          0.0,
          0.0,
          0.0,
          1.0
        ]
      ]
    },
    {
      "file_path": "./images/frame_00010.jpg",
      "sharpness": 3188.864003789263,
      "transform_matrix": [
        [
          0.35381700258192716,
          -0.1292651583598791,
          0.926339056460784,
          4.0944521760021555
        ],
        [
          0.45381269507575867,
          0.8897391085100037,
          -0.04917678947533367,
          -0.1162332299802023
        ],
        [
          -0.8178432407942571,
          0.437784008015169,
          0.37346699434761715,
          2.023448181801575
        ],
        [
          0.0,
          0.0,
          0.0,
          1.0
        ]
      ]
    },
    {
      "file_path": "./images/frame_00011.jpg",
      "sharpness": 3276.2614791424753,
      "transform_matrix": [
        [
          0.3567415962060427,
          -0.08252132628032907,
          0.9305512690076889,
          4.130319243808839
        ],
        [
          0.4500302764637595,
          0.888076369325993,
          -0.09377159782106564,
          -0.25998850811823665
        ],
        [
          -0.8186624358324246,
          0.45222847434071045,
          0.35395087682631454,
          1.955556968176483
        ],
        [
          0.0,
          0.0,
          0.0,
          1.0
        ]
      ]
    },
    {
      "file_path": "./images/frame_00395.jpg",
      "sharpness": 2913.235746111313,
      "transform_matrix": [
        [
          0.6224836412513929,
          0.25054621398940663,
          0.7414450155180097,
          0.15519004122464455
        ],
        [
          0.2635640139846161,
          0.8249254547887811,
          -0.5000320035968107,
          -3.5051272208415245
        ],
        [
          -0.7369179920017876,
          0.5066799667799852,
          0.44746763501018527,
          -0.7578510363152632
        ],
        [
          0.0,
          0.0,
          0.0,
          1.0
        ]
      ]
    },
    {
      "file_path": "./images/frame_00012.jpg",
      "sharpness": 3242.014088912201,
      "transform_matrix": [
        [
          0.35914275905128823,
          -0.08325115721085406,
          0.9295621138205893,
          4.1277131724447935
        ],
        [
          0.4511290467177475,
          0.8874072076314523,
          -0.09482104776096076,
          -0.39566471545266824
        ],
        [
          -0.8170061577914738,
          0.45340676298182225,
          0.3562628881414411,
          1.8826868855769485
        ],
        [
          0.0,
          0.0,
          0.0,
          1.0
        ]
      ]
    },
    {
      "file_path": "./images/frame_00013.jpg",
      "sharpness": 3389.6261207467314,
      "transform_matrix": [
        [
          0.3571406635268769,
          -0.07965823434982486,
          0.9306476842298435,
          4.134716156363152
        ],
        [
          0.4505103845661014,
          0.8874946249507827,
          -0.0969210200564078,
          -0.43470999555882595
        ],
        [
          -0.818224260147802,
          0.4538808835305859,
          0.3528472810222555,
          1.8649892177087595
        ],
        [
          0.0,
          0.0,
          0.0,
          1.0
        ]
      ]
    },
    {
      "file_path": "./images/frame_00406.jpg",
      "sharpness": 2358.1299844153714,
      "transform_matrix": [
        [
          0.4533176482758335,
          0.7992139448731689,
          0.39466464256182804,
          -1.3220385124998344
        ],
        [
          0.0482980779802887,
          0.42009760706784627,
          -0.9061927478447844,
          -3.532951761994973
        ],
        [
          -0.8900395527549979,
          0.42985470902012696,
          0.1518371618498828,
          -1.2301625092848498
        ],
        [
          0.0,
          0.0,
          0.0,
          1.0
        ]
      ]
    },
    {
      "file_path": "./images/frame_00015.jpg",
      "sharpness": 3442.241954406202,
      "transform_matrix": [
        [
          0.36061433115076413,
          -0.025093297126459746,
          0.9323774078207437,
          4.17854893049367
        ],
        [
          0.4423462663914789,
          0.8846691237577954,
          -0.14727634611958057,
          -0.7281112184117136
        ],
        [
          -0.8211498552754648,
          0.46554362626751244,
          0.33012429064899146,
          1.7281607271794486
        ],
        [
          0.0,
          0.0,
          0.0,
          1.0
        ]
      ]
    },
    {
      "file_path": "./images/frame_00014.jpg",
      "sharpness": 3422.6511458456152,
      "transform_matrix": [
        [
          0.36038998282481705,
          -0.04400681841580183,
          0.9317630923249574,
          4.177820615375926
        ],
        [
          0.44620425724774043,
          0.8853252606885184,
          -0.13077057638475317,
          -0.5768440732190712
        ],
        [
          -0.8191586056034393,
          0.4628850643190081,
          0.338698385218971,
          1.8034398405761125
        ],
        [
          0.0,
          0.0,
          0.0,
          1.0
        ]
      ]
    },
    {
      "file_path": "./images/frame_00415.jpg",
      "sharpness": 2376.137421741576,
      "transform_matrix": [
        [
          0.034031104301983806,
          0.9007993740418379,
          -0.4328999557315064,
          -2.490015388852513
        ],
        [
          0.04353317522366514,
          -0.4340758021365711,
          -0.8998239053846251,
          -2.9489402877279147
        ],
        [
          -0.9984722062473931,
          0.011776491550386068,
          -0.05398673588900784,
          -1.2217084127283502
        ],
        [
          0.0,
          0.0,
          0.0,
          1.0
        ]
      ]
    },
    {
      "file_path": "./images/frame_00016.jpg",
      "sharpness": 3438.592170744401,
      "transform_matrix": [
        [
          0.3364342082671749,
          0.01006762102993604,
          0.9416531561678941,
          4.193430751809005
        ],
        [
          0.4420687218954563,
          0.8812289758495669,
          -0.16736408602816366,
          -0.8862109420643457
        ],
        [
          -0.8314970046074994,
          0.4725824109912082,
          0.2920249924308107,
          1.65865824635457
        ],
        [
          0.0,
          0.0,
          0.0,
          1.0
        ]
      ]
    },
    {
      "file_path": "./images/frame_00017.jpg",
      "sharpness": 3460.6513687036318,
      "transform_matrix": [
        [
          0.32601667710192583,
          0.024886628692253273,
          0.9450363918761399,
          4.178500968947279
        ],
        [
          0.4423488263382139,
          0.8794520470258937,
          -0.17576010032533207,
          -1.0322655735578237
        ],
        [
          -0.8354882657051458,
          0.47533646266847673,
          0.2757074630483355,
          1.574437526247676
        ],
        [
          0.0,
          0.0,
          0.0,
          1.0
        ]
      ]
    },
    {
      "file_path": "./images/frame_00409.jpg",
      "sharpness": 2355.0980977490094,
      "transform_matrix": [
        [
          0.3515211591654247,
          0.9156255289667175,
          0.19509681025053974,
          -1.730596427770037
        ],
        [
          0.005309370338088525,
          0.20644353291951908,
          -0.9784441109994592,
          -3.3771439772192844
        ],
        [
          -0.9361648814677,
          0.3449796492945132,
          0.06770787496978237,
          -1.2458434223655668
        ],
        [
          0.0,
          0.0,
          0.0,
          1.0
        ]
      ]
    },
    {
      "file_path": "./images/frame_00020.jpg",
      "sharpness": 3666.6187949243313,
      "transform_matrix": [
        [
          0.3092612846853626,
          0.11792132952206305,
          0.9436376517737239,
          4.101173636115924
        ],
        [
          0.4379287077848983,
          0.86314727590572,
          -0.25138660871570867,
          -1.3466032147899891
        ],
        [
          -0.84414211169436,
          0.4909901630225594,
          0.21529689996139995,
          1.3843109866145062
        ],
        [
          0.0,
          0.0,
          0.0,
          1.0
        ]
      ]
    },
    {
      "file_path": "./images/frame_00018.jpg",
      "sharpness": 3548.4973760054913,
      "transform_matrix": [
        [
          0.3123401149153614,
          0.037226069400626824,
          0.94924068200755,
          4.160947877026307
        ],
        [
          0.4429082368006866,
          0.8782755853127284,
          -0.18017849501228753,
          -1.068239222694279
        ],
        [
          -0.8404022527526623,
          0.4767034886048601,
          0.25783296448268217,
          1.5477645296733022
        ],
        [
          0.0,
          0.0,
          0.0,
          1.0
        ]
      ]
    },
    {
      "file_path": "./images/frame_00403.jpg",
      "sharpness": 2412.8516853614233,
      "transform_matrix": [
        [
          0.5158724251550256,
          0.6938627997917274,
          0.5024241793906596,
          -0.8681779753950255
        ],
        [
          0.08403870546293507,
          0.5426698280526379,
          -0.8357313885170499,
          -3.6460479915684916
        ],
        [
          -0.8525333641496852,
          0.47335385580173595,
          0.2216370687925906,
          -1.1642873640290785
        ],
        [
          0.0,
          0.0,
          0.0,
          1.0
        ]
      ]
    },
    {
      "file_path": "./images/frame_00019.jpg",
      "sharpness": 3635.6606153569887,
      "transform_matrix": [
        [
          0.306733086584628,
          0.09883203689392286,
          0.9466504328864933,
          4.128225681385616
        ],
        [
          0.4386785037616891,
          0.8679772658809681,
          -0.23275875128210757,
          -1.201575742147254
        ],
        [
          -0.8446750759759505,
          0.4866700056943469,
          0.2228818557806095,
          1.4633164789414432
        ],
        [
          0.0,
          0.0,
          0.0,
          1.0
        ]
      ]
    },
    {
      "file_path": "./images/frame_00021.jpg",
      "sharpness": 3601.896487822864,
      "transform_matrix": [
        [
          0.3122572110136781,
          0.1400588014066644,
          0.9396163931759641,
          4.032214471794912
        ],
        [
          0.4357699541157745,
          0.8577606179611607,
          -0.272674291806223,
          -1.481923588380245
        ],
        [
          -0.8441563725418427,
          0.49460110641526045,
          0.20680852081942847,
          1.2958212919277308
        ],
        [
          0.0,
          0.0,
          0.0,
          1.0
        ]
      ]
    },
    {
      "file_path": "./images/frame_00413.jpg",
      "sharpness": 2176.455183821881,
      "transform_matrix": [
        [
          0.08579121670989644,
          0.9388562437076636,
          -0.3334498774824962,
          -2.2078224917232068
        ],
        [
          0.021739092820824608,
          -0.33636810292874747,
          -0.9414796393032856,
          -3.088054138500228
        ],
        [
          -0.9960759403941395,
          0.0735217859257386,
          -0.04926731184002853,
          -1.2116096664270357
        ],
        [
          0.0,
          0.0,
          0.0,
          1.0
        ]
      ]
    },
    {
      "file_path": "./images/frame_00022.jpg",
      "sharpness": 3649.5187117388577,
      "transform_matrix": [
        [
          0.30830941572087545,
          0.1788505433585688,
          0.9343221004154386,
          4.004669124009296
        ],
        [
          0.43243879094555093,
          0.8484706136084501,
          -0.30511360175457874,
          -1.6172440010811402
        ],
        [
          -0.8473145793073198,
          0.4981065157428061,
          0.18424956640801954,
          1.2148054158874266
        ],
        [
          0.0,
          0.0,
          0.0,
          1.0
        ]
      ]
    },
    {
      "file_path": "./images/frame_00023.jpg",
      "sharpness": 3698.9397350507097,
      "transform_matrix": [
        [
          0.3077824781802727,
          0.18338646935485714,
          0.9336162750237862,
          3.9497054121665816
        ],
        [
          0.4303857133754913,
          0.8482865375135605,
          -0.3085094618366276,
          -1.7426354005761868
        ],
        [
          -0.848550578275022,
          0.4967689132512208,
          0.18216081628618366,
          1.132356453230746
        ],
        [
          0.0,
          0.0,
          0.0,
          1.0
        ]
      ]
    },
    {
      "file_path": "./images/frame_00487.jpg",
      "sharpness": 3173.91884853724,
      "transform_matrix": [
        [
          0.2268782621098068,
          -0.7923988255815246,
          -0.5662423115642055,
          -1.5642437365384856
        ],
        [
          0.4339530376417967,
          -0.43825027197863836,
          0.7871603777371601,
          3.0790420100929725
        ],
        [
          -0.8719008059120608,
          -0.4243121496473056,
          0.24443441730923135,
          2.1987184413585745
        ],
        [
          0.0,
          0.0,
          0.0,
          1.0
        ]
      ]
    },
    {
      "file_path": "./images/frame_00024.jpg",
      "sharpness": 3738.1358124455305,
      "transform_matrix": [
        [
          0.30816590275472183,
          0.20583497319076421,
          0.9287980082867561,
          3.895290467672954
        ],
        [
          0.4320420715123553,
          0.8395438244761999,
          -0.3294022089701128,
          -1.8659892530399236
        ],
        [
          -0.8475691268952824,
          0.5027903446134342,
          0.16978941236483203,
          1.053127474720422
        ],
        [
          0.0,
          0.0,
          0.0,
          1.0
        ]
      ]
    },
    {
      "file_path": "./images/frame_00025.jpg",
      "sharpness": 3656.3184886097843,
      "transform_matrix": [
        [
          0.30782132582913085,
          0.22805679764902165,
          0.9237078155008698,
          3.868352043963455
        ],
        [
          0.4305330832684993,
          0.8323781106450974,
          -0.3489812963145994,
          -2.0043322596427027
        ],
        [
          -0.8484617231316366,
          0.5051106591679285,
          0.1580377373577474,
          0.9743781705440642
        ],
        [
          0.0,
          0.0,
          0.0,
          1.0
        ]
      ]
    },
    {
      "file_path": "./images/frame_00481.jpg",
      "sharpness": 3515.0938222064233,
      "transform_matrix": [
        [
          0.23091844873972323,
          -0.667217375725553,
          -0.7081649832970184,
          -2.2888222411018226
        ],
        [
          0.4346948806909994,
          -0.5804107459542461,
          0.6885954739388541,
          2.86479500828936
        ],
        [
          -0.8704694312720743,
          -0.46684509157499565,
          0.156008428448361,
          1.9073348599079436
        ],
        [
          0.0,
          0.0,
          0.0,
          1.0
        ]
      ]
    },
    {
      "file_path": "./images/frame_00026.jpg",
      "sharpness": 3787.384302901322,
      "transform_matrix": [
        [
          0.3106696520168205,
          0.24107877439196645,
          0.9194375410325242,
          3.7897586608954272
        ],
        [
          0.4275424535217882,
          0.8284838317111889,
          -0.3616932278560343,
          -2.1316939236065755
        ],
        [
          -0.8489356970911468,
          0.50546569138796,
          0.1543133730037101,
          0.8788329598899913
        ],
        [
          0.0,
          0.0,
          0.0,
          1.0
        ]
      ]
    },
    {
      "file_path": "./images/frame_00028.jpg",
      "sharpness": 3468.609288726584,
      "transform_matrix": [
        [
          0.3057879796363034,
          0.34005638755743794,
          0.8893004918461778,
          3.7075826093271638
        ],
        [
          0.41781390128534596,
          0.7913717541645363,
          -0.44627602518000564,
          -2.4206319903158504
        ],
        [
          -0.8555263031878999,
          0.5080279520131425,
          0.09991168390483637,
          0.7001761893073476
        ],
        [
          0.0,
          0.0,
          0.0,
          1.0
        ]
      ]
    },
    {
      "file_path": "./images/frame_00411.jpg",
      "sharpness": 2047.869926859759,
      "transform_matrix": [
        [
          0.21156444318570805,
          0.9729288060705242,
          -0.09300550899933994,
          -1.9617056385805658
        ],
        [
          -0.0040492946165626605,
          -0.09428616863708321,
          -0.9955369012066051,
          -3.235589782718686
        ],
        [
          -0.9773556617957811,
          0.21099681688150226,
          -0.016007925391098205,
          -1.2237315292474769
        ],
        [
          0.0,
          0.0,
          0.0,
          1.0
        ]
      ]
    },
    {
      "file_path": "./images/frame_00027.jpg",
      "sharpness": 3489.9894984166417,
      "transform_matrix": [
        [
          0.3032103748813373,
          0.32315068676867376,
          0.8964580872588372,
          3.757289076619205
        ],
        [
          0.42277224875714614,
          0.7974736492130726,
          -0.43046417335106085,
          -2.276226894637145
        ],
        [
          -0.8540064954605814,
          0.5095188048417088,
          0.10518314160327538,
          0.7883657774515048
        ],
        [
          0.0,
          0.0,
          0.0,
          1.0
        ]
      ]
    },
    {
      "file_path": "./images/frame_00031.jpg",
      "sharpness": 3469.963966945365,
      "transform_matrix": [
        [
          0.3146356677809906,
          0.3960430464406404,
          0.8626437862365594,
          3.5160061171708583
        ],
        [
          0.40976360444927323,
          0.7630875234315726,
          -0.4997911764917525,
          -2.801877786165841
        ],
        [
          -0.8562115305648369,
          0.5107321577705904,
          0.07781052628364746,
          0.44468498876783935
        ],
        [
          0.0,
          0.0,
          0.0,
          1.0
        ]
      ]
    },
    {
      "file_path": "./images/frame_00485.jpg",
      "sharpness": 3291.8763895952284,
      "transform_matrix": [
        [
          0.2165490401936761,
          -0.7810473638475085,
          -0.5857230818608529,
          -1.796430755496638
        ],
        [
          0.44372702792092994,
          -0.4556656704432398,
          0.7716703451080471,
          3.015910067505482
        ],
        [
          -0.8696049895961436,
          -0.42700563487787435,
          0.2478978618418407,
          2.112861129526505
        ],
        [
          0.0,
          0.0,
          0.0,
          1.0
        ]
      ]
    },
    {
      "file_path": "./images/frame_00030.jpg",
      "sharpness": 3315.7957698066966,
      "transform_matrix": [
        [
          0.3073209504937701,
          0.39554381551538076,
          0.865505010616149,
          3.590424798406209
        ],
        [
          0.41557660665544965,
          0.7624205396039362,
          -0.4959949645288609,
          -2.681965243326465
        ],
        [
          -0.8560665379700368,
          0.5121132792942814,
          0.06992904827162362,
          0.5341632247785786
        ],
        [
          0.0,
          0.0,
          0.0,
          1.0
        ]
      ]
    },
    {
      "file_path": "./images/frame_00029.jpg",
      "sharpness": 3311.731483942174,
      "transform_matrix": [
        [
          0.3061444562763554,
          0.38804340823237127,
          0.8693088549101409,
          3.633056425375137
        ],
        [
          0.4156569862662172,
          0.7670290948313664,
          -0.4887695136743518,
          -2.545336785274297
        ],
        [
          -0.8564489720368907,
          0.5109683757747787,
          0.07352875157895469,
          0.6190869333037362
        ],
        [
          0.0,
          0.0,
          0.0,
          1.0
        ]
      ]
    },
    {
      "file_path": "./images/frame_00427.jpg",
      "sharpness": 2306.7417436646724,
      "transform_matrix": [
        [
          -0.21508082278702134,
          0.6236250222545302,
          -0.7515531061034973,
          -2.9451643766187177
        ],
        [
          0.11993981084253043,
          -0.7468701459995875,
          -0.6540637788754354,
          -1.8107241997113517
        ],
        [
          -0.9692031167390383,
          -0.23081771309988686,
          0.08583997831077679,
          -0.6787552519137108
        ],
        [
          0.0,
          0.0,
          0.0,
          1.0
        ]
      ]
    },
    {
      "file_path": "./images/frame_00032.jpg",
      "sharpness": 3495.7949819112832,
      "transform_matrix": [
        [
          0.3218522020071813,
          0.41444471005630573,
          0.851261853001762,
          3.4273034061385186
        ],
        [
          0.4061710102979444,
          0.7517247598021883,
          -0.5195526883205313,
          -2.9224498667671153
        ],
        [
          -0.855240475246492,
          0.5129770636565397,
          0.07360884264944534,
          0.3526011855234299
        ],
        [
          0.0,
          0.0,
          0.0,
          1.0
        ]
      ]
    },
    {
      "file_path": "./images/frame_00033.jpg",
      "sharpness": 3419.114571883697,
      "transform_matrix": [
        [
          0.32564179854372705,
          0.44365529240118096,
          0.834941555183445,
          3.3739432855984033
        ],
        [
          0.3954442405746091,
          0.7382210831935735,
          -0.546491980702443,
          -3.044864530798617
        ],
        [
          -0.8588255187642926,
          0.5081334606993677,
          0.06495471107356242,
          0.27056643644241085
        ],
        [
          0.0,
          0.0,
          0.0,
          1.0
        ]
      ]
    },
    {
      "file_path": "./images/frame_00425.jpg",
      "sharpness": 2331.554770850556,
      "transform_matrix": [
        [
          -0.19727645561375065,
          0.541184289303891,
          -0.8174359700170027,
          -2.888321380825052
        ],
        [
          0.19127041787348475,
          -0.7965507976888706,
          -0.5735176143719807,
          -1.8751253840649753
        ],
        [
          -0.9615079965137828,
          -0.26949284176532784,
          0.05362817292264607,
          -0.7585390531064087
        ],
        [
          0.0,
          0.0,
          0.0,
          1.0
        ]
      ]
    },
    {
      "file_path": "./images/frame_00035.jpg",
      "sharpness": 3140.646793173979,
      "transform_matrix": [
        [
          0.3397125334236571,
          0.5387195178740654,
          0.7709582840225111,
          3.1896167490777536
        ],
        [
          0.37206716404415746,
          0.6758646296083454,
          -0.6362177519778218,
          -3.2649291724531313
        ],
        [
          -0.8638063556827744,
          0.5029794066660956,
          0.02915984234505332,
          0.11455488106814898
        ],
        [
          0.0,
          0.0,
          0.0,
          1.0
        ]
      ]
    },
    {
      "file_path": "./images/frame_00036.jpg",
      "sharpness": 3065.234096746316,
      "transform_matrix": [
        [
          0.3380798003654188,
          0.5832538322072726,
          0.7385912372936261,
          3.1067526451564706
        ],
        [
          0.3668701502962036,
          0.6410388736060841,
          -0.6741479477048679,
          -3.3869390722171016
        ],
        [
          -0.8666650687835626,
          0.4988828818101901,
          0.0027438733324989715,
          0.025978909033875258
        ],
        [
          0.0,
          0.0,
          0.0,
          1.0
        ]
      ]
    },
    {
      "file_path": "./images/frame_00419.jpg",
      "sharpness": 2228.858109479092,
      "transform_matrix": [
        [
          -0.04009316854614744,
          0.8207758311776567,
          -0.5698417085446417,
          -2.7255001567394044
        ],
        [
          0.08313010919029921,
          -0.5655830893448146,
          -0.820490800704301,
          -2.5817580444230344
        ],
        [
          -0.9957318528779004,
          -0.08026707941570392,
          -0.04555516633860472,
          -1.0730146659929043
        ],
        [
          0.0,
          0.0,
          0.0,
          1.0
        ]
      ]
    },
    {
      "file_path": "./images/frame_00038.jpg",
      "sharpness": 3113.274907695716,
      "transform_matrix": [
        [
          0.33882727545042723,
          0.5843727809021327,
          0.7373632282383413,
          2.8774597097243966
        ],
        [
          0.3639862628438397,
          0.6412795811952293,
          -0.6754809392205288,
          -3.5624072965941282
        ],
        [
          -0.8675886570921313,
          0.4972614520597306,
          0.004579348670141292,
          -0.11036867252912344
        ],
        [
          0.0,
          0.0,
          0.0,
          1.0
        ]
      ]
    },
    {
      "file_path": "./images/frame_00034.jpg",
      "sharpness": 3394.498477995262,
      "transform_matrix": [
        [
          0.34307945300780024,
          0.4777648052455399,
          0.8087257135760434,
          3.2976502375600805
        ],
        [
          0.37848431217454426,
          0.7176791368892428,
          -0.5845393758840162,
          -3.1580218112017913
        ],
        [
          -0.8596779131769681,
          0.5066334447805055,
          0.06539448202450836,
          0.18960242082335757
        ],
        [
          0.0,
          0.0,
          0.0,
          1.0
        ]
      ]
    },
    {
      "file_path": "./images/frame_00429.jpg",
      "sharpness": 2264.91631312772,
      "transform_matrix": [
        [
          0.1438291330712365,
          0.6196071659251187,
          -0.7716217599450782,
          -3.088726986057601
        ],
        [
          0.41071884386922963,
          -0.7467774014168491,
          -0.5230999369824314,
          -1.9580262169202203
        ],
        [
          -0.9003461622177732,
          -0.24168258670318127,
          -0.36189268508483086,
          -0.8386602835021966
        ],
        [
          0.0,
          0.0,
          0.0,
          1.0
        ]
      ]
    },
    {
      "file_path": "./images/frame_00037.jpg",
      "sharpness": 3133.524656678401,
      "transform_matrix": [
        [
          0.34324611074986655,
          0.5814169690755954,
          0.7376560279239633,
          2.9880532925839085
        ],
        [
          0.3610993733797948,
          0.6433208946570851,
          -0.6750892304647801,
          -3.4698421948076708
        ],
        [
          -0.8670578700656443,
          0.4980888822193276,
          0.010868091849591992,
          -0.04874487742440752
        ],
        [
          0.0,
          0.0,
          0.0,
          1.0
        ]
      ]
    },
    {
      "file_path": "./images/frame_00040.jpg",
      "sharpness": 2960.125177824529,
      "transform_matrix": [
        [
          0.33583656350434277,
          0.6409903753632875,
          0.6901776157712924,
          2.6694592452161743
        ],
        [
          0.35196963991210034,
          0.5942561717462571,
          -0.7231714699632661,
          -3.7503851158079815
        ],
        [
          -0.8736882597569817,
          0.4857889881952611,
          -0.0260362010432288,
          -0.2656045362455593
        ],
        [
          0.0,
          0.0,
          0.0,
          1.0
        ]
      ]
    },
    {
      "file_path": "./images/frame_00438.jpg",
      "sharpness": 2214.89969685631,
      "transform_matrix": [
        [
          0.29291499263722365,
          0.605675092005385,
          -0.7398367995842893,
          -3.8494975345742226
        ],
        [
          0.4850437403038121,
          -0.7609472999068363,
          -0.43091968718519336,
          -1.239626674703026
        ],
        [
          -0.8239741361982041,
          -0.23263037148567986,
          -0.5166717847846736,
          -0.6468788578553892
        ],
        [
          0.0,
          0.0,
          0.0,
          1.0
        ]
      ]
    },
    {
      "file_path": "./images/frame_00039.jpg",
      "sharpness": 3053.0852643958324,
      "transform_matrix": [
        [
          0.3365537500739097,
          0.6171964610564286,
          0.711196247021262,
          2.783843412406853
        ],
        [
          0.3568240589771601,
          0.615344776100635,
          -0.7028708256201307,
          -3.672795513173281
        ],
        [
          -0.8714402815394664,
          0.4903257437714498,
          -0.013133954435434499,
          -0.19155273323110816
        ],
        [
          0.0,
          0.0,
          0.0,
          1.0
        ]
      ]
    },
    {
      "file_path": "./images/frame_00041.jpg",
      "sharpness": 2829.484604246871,
      "transform_matrix": [
        [
          0.33270810807456586,
          0.6669359225112163,
          0.6667096745151339,
          2.5463538008167026
        ],
        [
          0.3519296415199243,
          0.5680986934256319,
          -0.7439149158303984,
          -3.818132757479022
        ],
        [
          -0.874900475645477,
          0.4821414209643582,
          -0.045703478636857545,
          -0.32886460756961605
        ],
        [
          0.0,
          0.0,
          0.0,
          1.0
        ]
      ]
    },
    {
      "file_path": "./images/frame_00433.jpg",
      "sharpness": 2120.502639328981,
      "transform_matrix": [
        [
          0.28693344575778434,
          0.6717947032882355,
          -0.682906343758759,
          -3.4578506011982397
        ],
        [
          0.4892309983643076,
          -0.7156698712327788,
          -0.4984673165778496,
          -1.789756611181463
        ],
        [
          -0.8236031981411784,
          -0.19107200760309806,
          -0.5340124155634084,
          -0.8477844270280165
        ],
        [
          0.0,
