{
    "w": 3840,
    "h": 2160,
    "fl_x": 1947.6199484229408,
    "fl_y": 2222.242248243645,
    "cx": 1939.832189870895,
    "cy": 1007.8933013000517,
    "k1": -0.18912399187233758,
    "k2": 0.03254594650254793,
    "p1": -0.0012920294907135996,
    "p2": -0.0020377354064151218,
    "camera_model": "OPENCV",
    "frames": [
        {
            "file_path": "images/frame_00190.png",
            "transform_matrix": [
                [
                    0.0016927601410512217,
                    -0.9996946472552927,
                    -0.024652521417107904,
                    0.006276073908302207
                ],
                [
                    0.9993223313842732,
                    0.00259757030904678,
                    -0.03671689836016183,
                    -6.444913975441759
                ],
                [
                    0.036769723412146633,
                    -0.024573662274997885,
                    0.9990215826310204,
                    -0.834260721247919
                ],
                [
                    0.0,
                    0.0,
                    0.0,
                    1.0
                ]
            ],
            "colmap_im_id": 190
        },
        {
            "file_path": "images/frame_00189.png",
            "transform_matrix": [
                [
                    0.0007080024137808447,
                    -0.9997343323188927,
                    -0.02303830539514201,
                    0.008398288878670016
                ],
                [
                    0.9995763388137832,
                    0.0013778631670843162,
                    -0.029073086811093864,
                    -6.369838081724028
                ],
                [
                    0.029097106663974137,
                    -0.023007961143711567,
                    0.9993117592162091,
                    -0.8179093088316837
                ],
                [
                    0.0,
                    0.0,
                    0.0,
                    1.0
                ]
            ],
            "colmap_im_id": 189
        },
        {
            "file_path": "images/frame_00188.png",
            "transform_matrix": [
                [
                    5.1088838108161635e-06,
                    -0.999768260128411,
                    -0.021527331783328114,
                    0.012151143605562856
                ],
                [
                    0.9997706846935557,
                    0.0004661021632030753,
                    -0.02140936188102058,
                    -6.29254495323435
                ],
                [
                    0.02141443441415967,
                    -0.021522285858700977,
                    0.999539000344728,
                    -0.8042231283313611
                ],
                [
                    0.0,
                    0.0,
                    0.0,
                    1.0
                ]
            ],
            "colmap_im_id": 188
        },
        {
            "file_path": "images/frame_00187.png",
            "transform_matrix": [
                [
                    -0.0004967779000841458,
                    -0.9997962068620283,
                    -0.020181624216553312,
                    0.015785093945314004
                ],
                [
                    0.9999028685075135,
                    -0.0002155260732519776,
                    -0.013935820713448704,
                    -6.211211188870222
                ],
                [
                    0.013928631022596057,
                    -0.020186586953022334,
                    0.9996992022328638,
                    -0.7888629496676388
                ],
                [
                    0.0,
                    0.0,
                    0.0,
                    1.0
                ]
            ],
            "colmap_im_id": 187
        },
        {
            "file_path": "images/frame_00186.png",
            "transform_matrix": [
                [
                    -0.000896323687562528,
                    -0.9998138853912147,
                    -0.019271512207658773,
                    0.011288000941492739
                ],
                [
                    0.9999721747202582,
                    -0.0007534109023469889,
                    -0.007421735460733431,
                    -6.128017970244531
                ],
                [
                    0.007405834799939687,
                    -0.019277628249736833,
                    0.9997867405902024,
                    -0.7659053400722461
                ],
                [
                    0.0,
                    0.0,
                    0.0,
                    1.0
                ]
            ],
            "colmap_im_id": 186
        },
        {
            "file_path": "images/frame_00185.png",
            "transform_matrix": [
                [
                    -0.0012202747039746357,
                    -0.9998341062525926,
                    -0.018173356974596495,
                    0.015390085954513464
                ],
                [
                    0.9999981737666942,
                    -0.0012468021365736042,
                    0.001448429393829587,
                    -6.0413680618383605
                ],
                [
                    -0.0014708476887542316,
                    -0.018171556304056924,
                    0.9998338017633557,
                    -0.7536651197414268
                ],
                [
                    0.0,
                    0.0,
                    0.0,
                    1.0
                ]
            ],
            "colmap_im_id": 185
        },
        {
            "file_path": "images/frame_00184.png",
            "transform_matrix": [
                [
                    -0.0014816517514044535,
                    -0.9998489119585162,
                    -0.017319294542758552,
                    0.015796081783379417
                ],
                [
                    0.9999461517494924,
                    -0.001659242340650799,
                    0.010244047844293176,
                    -5.9524922744621485
                ],
                [
                    -0.010271236997983064,
                    -0.017303183817617425,
                    0.9997975302631553,
                    -0.7383768308174571
                ],
                [
                    0.0,
                    0.0,
                    0.0,
                    1.0
                ]
            ],
            "colmap_im_id": 184
        },
        {
            "file_path": "images/frame_00183.png",
            "transform_matrix": [
                [
                    -0.0017048054145451256,
                    -0.9998612453677267,
                    -0.01657056577783819,
                    0.017920447382881247
                ],
                [
                    0.9998180858127076,
                    -0.0020190569555543214,
                    0.018966251364548645,
                    -5.864012831970609
                ],
                [
                    -0.01899707662540616,
                    -0.016535217588811834,
                    0.9996827985211004,
                    -0.7267035596633517
                ],
                [
                    0.0,
                    0.0,
                    0.0,
                    1.0
                ]
            ],
            "colmap_im_id": 183
        },
        {
            "file_path": "images/frame_00182.png",
            "transform_matrix": [
                [
                    -0.0018579443316322497,
                    -0.999870478815958,
                    -0.015986670547908928,
                    0.021989668003863254
                ],
                [
                    0.9996587710261708,
                    -0.002273618474178483,
                    0.026022531957508043,
                    -5.77657704759707
                ],
                [
                    -0.026055509077855477,
                    -0.015932867016977745,
                    0.9995335182950661,
                    -0.7146764720696306
                ],
                [
                    0.0,
                    0.0,
                    0.0,
                    1.0
                ]
            ],
            "colmap_im_id": 182
        },
        {
            "file_path": "images/frame_00181.png",
            "transform_matrix": [
                [
                    -0.0020988826824780305,
                    -0.9998789932156851,
                    -0.015414072060087207,
                    0.02620278778961514
                ],
                [
                    0.999405659126158,
                    -0.0026277632224654944,
                    0.034371839739185055,
                    -5.688800273747436
                ],
                [
                    -0.034408185045055155,
                    -0.015332768387836065,
                    0.9992902396278422,
                    -0.702764456197274
                ],
                [
                    0.0,
                    0.0,
                    0.0,
                    1.0
                ]
            ],
            "colmap_im_id": 181
        },
        {
            "file_path": "images/frame_00180.png",
            "transform_matrix": [
                [
                    -0.0025600214933764217,
                    -0.9998882587949645,
                    -0.014728075703485121,
                    0.03126636921380552
                ],
                [
                    0.9989700066624138,
                    -0.0032243477374525606,
                    0.045260682391727425,
                    -5.596864675306196
                ],
                [
                    -0.04530311334610781,
                    -0.01459703756390736,
                    0.998866634949585,
                    -0.6894405318191704
                ],
                [
                    0.0,
                    0.0,
                    0.0,
                    1.0
                ]
            ],
            "colmap_im_id": 180
        },
        {
            "file_path": "images/frame_00179.png",
            "transform_matrix": [
                [
                    -0.002840480470218934,
                    -0.9998939820239747,
                    -0.014281329872868584,
                    0.034593880486200566
                ],
                [
                    0.9986732359591491,
                    -0.003570741856374136,
                    0.051371369277806854,
                    -5.51204650910544
                ],
                [
                    -0.05141691793155211,
                    -0.014116462546775718,
                    0.9985775012664693,
                    -0.6718035075308608
                ],
                [
                    0.0,
                    0.0,
                    0.0,
                    1.0
                ]
            ],
            "colmap_im_id": 179
        },
        {
            "file_path": "images/frame_00178.png",
            "transform_matrix": [
                [
                    -0.003062558960977655,
                    -0.9998993041054417,
                    -0.013856492415603236,
                    0.039056755284531876
                ],
                [
                    0.9984404223654604,
                    -0.0038299207998371563,
                    0.055696092262817944,
                    -5.430448610363396
                ],
                [
                    -0.05574355316349945,
                    -0.01366430957348776,
                    0.9983516128722324,
                    -0.6552013055487867
                ],
                [
                    0.0,
                    0.0,
                    0.0,
                    1.0
                ]
            ],
            "colmap_im_id": 178
        },
        {
            "file_path": "images/frame_00177.png",
            "transform_matrix": [
                [
                    -0.003215538213449481,
                    -0.9999031018967016,
                    -0.013544265626165806,
                    0.04248903205701786
                ],
                [
                    0.9982705451260495,
                    -0.00400474304406161,
                    0.05865049673183821,
                    -5.353379968541967
                ],
                [
                    -0.05869905491350069,
                    -0.013332248516485531,
                    0.9981866920079412,
                    -0.65308743187426
                ],
                [
                    0.0,
                    0.0,
                    0.0,
                    1.0
                ]
            ],
            "colmap_im_id": 177
        },
        {
            "file_path": "images/frame_00176.png",
            "transform_matrix": [
                [
                    -0.0033211599120833778,
                    -0.9999062857604334,
                    -0.013281174406397254,
                    0.04444317381136374
                ],
                [
                    0.9981476236661364,
                    -0.004121544367765916,
                    0.060698716968891585,
                    -5.279008149259887
                ],
                [
                    -0.060747767584360166,
                    -0.013054982527728952,
                    0.9980677713285392,
                    -0.6503087723320068
                ],
                [
                    0.0,
                    0.0,
                    0.0,
                    1.0
                ]
            ],
            "colmap_im_id": 176
        },
        {
            "file_path": "images/frame_00175.png",
            "transform_matrix": [
                [
                    -0.003325041374391197,
                    -0.9999098336399307,
                    -0.013010330127426275,
                    0.044254569970090356
                ],
                [
                    0.9980534957160426,
                    -0.00412853266074934,
                    0.06222680215997243,
                    -5.205470623582519
                ],
                [
                    -0.06227490496858112,
                    -0.012778098772319574,
                    0.997977232407092,
                    -0.6480983060996462
                ],
                [
                    0.0,
                    0.0,
                    0.0,
                    1.0
                ]
            ],
            "colmap_im_id": 175
        },
        {
            "file_path": "images/frame_00174.png",
            "transform_matrix": [
                [
                    -0.003283139884020112,
                    -0.9999127402644,
                    -0.012795813746699131,
                    0.041852187693436155
                ],
                [
                    0.9979854067689046,
                    -0.004087012386047853,
                    0.06331211737148111,
                    -5.133186931330941
                ],
                [
                    -0.06335888942213133,
                    -0.012562172849254602,
                    0.9979117410595487,
                    -0.645372638956984
                ],
                [
                    0.0,
                    0.0,
                    0.0,
                    1.0
                ]
            ],
            "colmap_im_id": 174
        },
        {
            "file_path": "images/frame_00173.png",
            "transform_matrix": [
                [
                    -0.0032513323494388346,
                    -0.9999152483053545,
                    -0.012606547679460954,
                    0.03800708955783197
                ],
                [
                    0.9979328139599049,
                    -0.004053512045651757,
                    0.06413788164697853,
                    -5.063793083194412
                ],
                [
                    -0.06418354664569077,
                    -0.012371954030660878,
                    0.9978614167776222,
                    -0.6415911739952836
                ],
                [
                    0.0,
                    0.0,
                    0.0,
                    1.0
                ]
            ],
            "colmap_im_id": 173
        },
        {
            "file_path": "images/frame_00172.png",
            "transform_matrix": [
                [
                    -0.00319095575479095,
                    -0.9999179070971017,
                    -0.012409547450362853,
                    0.0341912921014947
                ],
                [
                    0.9978914057001698,
                    -0.003988482208463136,
                    0.06478297955028095,
                    -4.995965677795283
                ],
                [
                    -0.06482715658665213,
                    -0.01217666112793707,
                    0.9978222129681544,
                    -0.6361935177101422
                ],
                [
                    0.0,
                    0.0,
                    0.0,
                    1.0
                ]
            ],
            "colmap_im_id": 172
        },
        {
            "file_path": "images/frame_00171.png",
            "transform_matrix": [
                [
                    -0.003126809649634843,
                    -0.9999208128235778,
                    -0.012189796702591574,
                    0.033006733457479016
                ],
                [
                    0.9978643410985985,
                    -0.0039152528617948275,
                    0.06520297200962609,
                    -4.931854779129338
                ],
                [
                    -0.06524553490680284,
                    -0.01195988617269284,
                    0.9977975652894036,
                    -0.6347250284254757
                ],
                [
                    0.0,
                    0.0,
                    0.0,
                    1.0
                ]
            ],
            "colmap_im_id": 171
        },
        {
            "file_path": "images/frame_00170.png",
            "transform_matrix": [
                [
                    -0.0030730456301491377,
                    -0.9999217379903618,
                    -0.012127418723265978,
                    0.02766769590912762
                ],
                [
                    0.997844868079061,
                    -0.0038611135971941078,
                    0.0655035193716405,
                    -4.868197832931563
                ],
                [
                    -0.06554521827590737,
                    -0.011899987232092466,
                    0.9977786401126454,
                    -0.6283295785845682
                ],
                [
                    0.0,
                    0.0,
                    0.0,
                    1.0
                ]
            ],
            "colmap_im_id": 170
        },
        {
            "file_path": "images/frame_00169.png",
            "transform_matrix": [
                [
                    -0.0030316756442843986,
                    -0.999923085930706,
                    -0.012026269812454412,
                    0.025474557361833548
                ],
                [
                    0.9978305474777946,
                    -0.0038158060623886105,
                    0.06572395411308378,
                    -4.806490138048252
                ],
                [
                    -0.06576478892958112,
                    -0.01180092568014636,
                    0.997765368556225,
                    -0.6222145340129898
                ],
                [
                    0.0,
                    0.0,
                    0.0,
                    1.0
                ]
            ],
            "colmap_im_id": 169
        },
        {
            "file_path": "images/frame_00168.png",
            "transform_matrix": [
                [
                    -0.00296900236919238,
                    -0.9999250001717324,
                    -0.011881879333369386,
                    0.0240464913054424
                ],
                [
                    0.9978070314229458,
                    -0.0037479733643828146,
                    0.0660838916725416,
                    -4.745561725953539
                ],
                [
                    -0.06612346835927518,
                    -0.011659619514413726,
                    0.9977433238087434,
                    -0.6137613959252693
                ],
                [
                    0.0,
                    0.0,
                    0.0,
                    1.0
                ]
            ],
            "colmap_im_id": 168
        },
        {
            "file_path": "images/frame_00167.png",
            "transform_matrix": [
                [
                    -0.002931616436257913,
                    -0.9999264704537164,
                    -0.011766873460852919,
                    0.02149466431401584
                ],
                [
                    0.9977837024640196,
                    -0.003707153228222528,
                    0.06643749026066208,
                    -4.685434767940354
                ],
                [
                    -0.06647622674508348,
                    -0.011546025329763553,
                    0.9977212038324237,
                    -0.6024562526818946
                ],
                [
                    0.0,
                    0.0,
                    0.0,
                    1.0
                ]
            ],
            "colmap_im_id": 167
        },
        {
            "file_path": "images/frame_00166.png",
            "transform_matrix": [
                [
                    -0.002892743784696245,
                    -0.9999273616973509,
                    -0.011700571027564863,
                    0.01811839663891792
                ],
                [
                    0.9977664114721485,
                    -0.0036669640109722023,
                    0.06669888689426283,
                    -4.625846102884198
                ],
                [
                    -0.06673694757319615,
                    -0.011481493975838843,
                    0.9977045430009304,
                    -0.5863231326369586
                ],
                [
                    0.0,
                    0.0,
                    0.0,
                    1.0
                ]
            ],
            "colmap_im_id": 166
        },
        {
            "file_path": "images/frame_00165.png",
            "transform_matrix": [
                [
                    -0.0029087867992147465,
                    -0.9999282540599237,
                    -0.011620055594926185,
                    0.01799090119898297
                ],
                [
                    0.9977579449888705,
                    -0.0036790364652084804,
                    0.06682475516059548,
                    -4.56489044743721
                ],
                [
                    -0.0668627113639776,
                    -0.011399623825378081,
                    0.9976970614398428,
                    -0.5725356649861959
                ],
                [
                    0.0,
                    0.0,
                    0.0,
                    1.0
                ]
            ],
            "colmap_im_id": 165
        },
        {
            "file_path": "images/frame_00164.png",
            "transform_matrix": [
                [
                    -0.002882222634420261,
                    -0.9999290786649034,
                    -0.01155553689981656,
                    0.018669969808747872
                ],
                [
                    0.9977566168201509,
                    -0.003648459869901899,
                    0.06684625892437064,
                    -4.505659081808358
                ],
                [
                    -0.06688367801109568,
                    -0.011336947602203249,
                    0.9976963702624024,
                    -0.559259724419306
                ],
                [
                    0.0,
                    0.0,
                    0.0,
                    1.0
                ]
            ],
            "colmap_im_id": 164
        },
        {
            "file_path": "images/frame_00163.png",
            "transform_matrix": [
                [
                    -0.0028713422719938947,
                    -0.9999295967367,
                    -0.011513338505306092,
                    0.02066928820461344
                ],
                [
                    0.9977528292934286,
                    -0.003635428205153609,
                    0.06690347747855649,
                    -4.446113670996932
                ],
                [
                    -0.06694062317095355,
                    -0.011295363285254554,
                    0.9976930227969617,
                    -0.5447889648663101
                ],
                [
                    0.0,
                    0.0,
                    0.0,
                    1.0
                ]
            ],
            "colmap_im_id": 163
        },
        {
            "file_path": "images/frame_00162.png",
            "transform_matrix": [
                [
                    -0.00287812443566045,
                    -0.9999306261097256,
                    -0.011421881086085703,
                    0.024166361845823714
                ],
                [
                    0.9977474697757035,
                    -0.003636968676073469,
                    0.0669832741438527,
                    -4.38727394222313
                ],
                [
                    -0.06702016827727399,
                    -0.011203366755627012,
                    0.9976887198006323,
                    -0.5322165575104346
                ],
                [
                    0.0,
                    0.0,
                    0.0,
                    1.0
                ]
            ],
            "colmap_im_id": 162
        },
        {
            "file_path": "images/frame_00161.png",
            "transform_matrix": [
                [
                    -0.0028725187654452997,
                    -0.999931879000999,
                    -0.011313089475193841,
                    0.029586134293727646
                ],
                [
                    0.9977415090512817,
                    -0.003625077004919551,
                    0.06707264668089268,
                    -4.32899876572488
                ],
                [
                    -0.06710908844570626,
                    -0.011094871528773129,
                    0.997683955004663,
                    -0.5182554281836446
                ],
                [
                    0.0,
                    0.0,
                    0.0,
                    1.0
                ]
            ],
            "colmap_im_id": 161
        },
        {
            "file_path": "images/frame_00160.png",
            "transform_matrix": [
                [
                    -0.002913958753722906,
                    -0.9999328316974604,
                    -0.011217884732870314,
                    0.03372846486978071
                ],
                [
                    0.9977329760063566,
                    -0.0036614123662119503,
                    0.06719748990091534,
                    -4.270026883945479
                ],
                [
                    -0.06723404966146744,
                    -0.010996642805097991,
                    0.9976766291805861,
                    -0.5006384690443296
                ],
                [
                    0.0,
                    0.0,
                    0.0,
                    1.0
                ]
            ],
            "colmap_im_id": 160
        },
        {
            "file_path": "images/frame_00159.png",
            "transform_matrix": [
                [
                    -0.0029088464022059856,
                    -0.9999336271057598,
                    -0.011148093815876944,
                    0.03776291213044488
                ],
                [
                    0.9977271779219535,
                    -0.00365256593246272,
                    0.0672840040277298,
                    -4.20877418209317
                ],
                [
                    -0.06732025734133018,
                    -0.010927037349082009,
                    0.9976715806347642,
                    -0.4803318908428805
                ],
                [
                    0.0,
                    0.0,
                    0.0,
                    1.0
                ]
            ],
            "colmap_im_id": 159
        },
        {
            "file_path": "images/frame_00158.png",
            "transform_matrix": [
                [
                    -0.002911061083399989,
                    -0.9999352085995787,
                    -0.011004741082171345,
                    0.044293859592151714
                ],
                [
                    0.9977179612240223,
                    -0.0036466032869170804,
                    0.06742085831141754,
                    -4.144303055145725
                ],
                [
                    -0.06745661994459187,
                    -0.01078336159946244,
                    0.9976639331650042,
                    -0.46174976281669333
                ],
                [
                    0.0,
                    0.0,
                    0.0,
                    1.0
                ]
            ],
            "colmap_im_id": 158
        },
        {
            "file_path": "images/frame_00157.png",
            "transform_matrix": [
                [
                    -0.0028807927393844405,
                    -0.9999371049702239,
                    -0.010839148350313596,
                    0.04882067238835933
                ],
                [
                    0.9977011517647257,
                    -0.0036078956127049136,
                    0.06767122620868882,
                    -4.077151868280482
                ],
                [
                    -0.06770607654067999,
                    -0.010619284016129367,
                    0.9976487949205634,
                    -0.44218180834337467
                ],
                [
                    0.0,
                    0.0,
                    0.0,
                    1.0
                ]
            ],
            "colmap_im_id": 157
        },
        {
            "file_path": "images/frame_00156.png",
            "transform_matrix": [
                [
                    -0.0028794435379083357,
                    -0.9999394430639093,
                    -0.010621629345393811,
                    0.05347952363440364
                ],
                [
                    0.9976721262165669,
                    -0.0035962745571133615,
                    0.06809842420955431,
                    -4.005841607316534
                ],
                [
                    -0.0681324986730015,
                    -0.010400817965371385,
                    0.9976220655189142,
                    -0.42111114622668644
                ],
                [
                    0.0,
                    0.0,
                    0.0,
                    1.0
                ]
            ],
            "colmap_im_id": 156
        },
        {
            "file_path": "images/frame_00155.png",
            "transform_matrix": [
                [
                    -0.0028835452345299765,
                    -0.9999428286668577,
                    -0.010296823034499766,
                    0.06016959846283383
                ],
                [
                    0.9976348425420046,
                    -0.003583736131525531,
                    0.0686431189670862,
                    -3.9334823185536067
                ],
                [
                    -0.06867609564521247,
                    -0.010074533888125244,
                    0.997588140293311,
                    -0.40044850951317235
                ],
                [
                    0.0,
                    0.0,
                    0.0,
                    1.0
                ]
            ],
            "colmap_im_id": 155
        },
        {
            "file_path": "images/frame_00154.png",
            "transform_matrix": [
                [
                    -0.0029305090857388244,
                    -0.9999460272488055,
                    -0.009967683072283209,
                    0.06419701818191308
                ],
                [
                    0.9975921546774846,
                    -0.0036140013361427477,
                    0.06925916488289206,
                    -3.8610749645942786
                ],
                [
                    -0.06929144999515939,
                    -0.0097407178212613,
                    0.9975489027480783,
                    -0.3729980896778093
                ],
                [
                    0.0,
                    0.0,
                    0.0,
                    1.0
                ]
            ],
            "colmap_im_id": 154
        },
        {
            "file_path": "images/frame_00153.png",
            "transform_matrix": [
                [
                    -0.002935092609594035,
                    -0.9999492351415349,
                    -0.00963910635031563,
                    0.06824310756019487
                ],
                [
                    0.9975476201047988,
                    -0.0036018346461772098,
                    0.06989830048315698,
                    -3.78879201421203
                ],
                [
                    -0.06992947057303675,
                    -0.009410309614523113,
                    0.9975075514593028,
                    -0.34658638014710097
                ],
                [
                    0.0,
                    0.0,
                    0.0,
                    1.0
                ]
            ],
            "colmap_im_id": 153
        },
        {
            "file_path": "images/frame_00152.png",
            "transform_matrix": [
                [
                    -0.0028925512355613622,
                    -0.9999527265181584,
                    -0.009283203986281626,
                    0.07171067299838027
                ],
                [
                    0.9975101555257444,
                    -0.0035393706714521725,
                    0.07043410025162077,
                    -3.7166301745837633
                ],
                [
                    -0.07046362728638764,
                    -0.009056356008424516,
                    0.9974732375585291,
                    -0.3218154128023133
                ],
                [
                    0.0,
                    0.0,
                    0.0,
                    1.0
                ]
            ],
            "colmap_im_id": 152
        },
        {
            "file_path": "images/frame_00151.png",
            "transform_matrix": [
                [
                    -0.002880666463838374,
                    -0.9999556284109101,
                    -0.00896900050542014,
                    0.0733387477957081
                ],
                [
                    0.9974720267753443,
                    -0.0035101011509486735,
                    0.07097348089672047,
                    -3.645610838644333
                ],
                [
                    -0.07100181378958677,
                    -0.008741876186049456,
                    0.9974378787871135,
                    -0.29759456411538654
                ],
                [
                    0.0,
                    0.0,
                    0.0,
                    1.0
                ]
            ],
            "colmap_im_id": 151
        },
        {
            "file_path": "images/frame_00150.png",
            "transform_matrix": [
                [
                    -0.0028346616540701687,
                    -0.9999586536236647,
                    -0.00864035511161507,
                    0.07504503795318267
                ],
                [
                    0.9974321532381845,
                    -0.0034456112059746734,
                    0.07153479887478717,
                    -3.5712318829575684
                ],
                [
                    -0.07156161247446802,
                    -0.00841539105241879,
                    0.9974006801749682,
                    -0.27407978236095
                ],
                [
                    0.0,
                    0.0,
                    0.0,
                    1.0
                ]
            ],
            "colmap_im_id": 150
        },
        {
            "file_path": "images/frame_00149.png",
            "transform_matrix": [
                [
                    -0.0027846629393286806,
                    -0.9999612323523811,
                    -0.008353409161627946,
                    0.07511800693911028
                ],
                [
                    0.9973972570510711,
                    -0.0033791826216019332,
                    0.07202286270212709,
                    -3.4997106423825377
                ],
                [
                    -0.07204829824023547,
                    -0.008131107988282028,
                    0.9973680001902853,
                    -0.2507815683596593
                ],
                [
                    0.0,
                    0.0,
                    0.0,
                    1.0
                ]
            ],
            "colmap_im_id": 149
        },
        {
            "file_path": "images/frame_00148.png",
            "transform_matrix": [
                [
                    -0.0027592846299193097,
                    -0.9999634227095934,
                    -0.008095652613969781,
                    0.07359088532228285
                ],
                [
                    0.9973707698954913,
                    -0.0033382013566589253,
                    0.07239063316325701,
                    -3.4303294285431867
                ],
                [
                    -0.07241501022858408,
                    -0.007874620918963985,
                    0.9973434998228928,
                    -0.2281433087274095
                ],
                [
                    0.0,
                    0.0,
                    0.0,
                    1.0
                ]
            ],
            "colmap_im_id": 148
        },
        {
            "file_path": "images/frame_00147.png",
            "transform_matrix": [
                [
                    -0.0026872738048289383,
                    -0.9999644453772726,
                    -0.007992905655751906,
                    0.06765608575384358
                ],
                [
                    0.9973532230104528,
                    -0.0032608458038776655,
                    0.07263549707481406,
                    -3.3603365467846533
                ],
                [
                    -0.0726589781799873,
                    -0.007776558748392762,
                    0.997326525278393,
                    -0.2070407370252396
                ],
                [
                    0.0,
                    0.0,
                    0.0,
                    1.0
                ]
            ],
            "colmap_im_id": 147
        },
        {
            "file_path": "images/frame_00146.png",
            "transform_matrix": [
                [
                    -0.0026742588165175785,
                    -0.9999647411491971,
                    -0.007960200889490137,
                    0.0636810967600823
