time: 88.51562166213989
gpu_load: 0.3318181818181818
gpu_free_mem: 4100.712121212121
gpu_used_mem: 1907.2954545454545
