time: 74.57956624031067
gpu_load: 0.4510769230769231
gpu_free_mem: 4372.046153846154
gpu_used_mem: 1635.9692307692308
