time: 75.36368870735168
gpu_load: 0.4333846153846154
gpu_free_mem: 4374.292307692308
gpu_used_mem: 1633.7230769230769
