time: 114.80778622627258
gpu_load: 0.12898089171974522
gpu_free_mem: 4048.917197452229
gpu_used_mem: 1959.0859872611466
