time: 86.98423337936401
gpu_load: 0.3463636363636364
gpu_free_mem: 4138.439393939394
gpu_used_mem: 1869.5681818181818
