time: 89.73665022850037
gpu_load: 0.3773553719008264
gpu_free_mem: 4143.280991735537
gpu_used_mem: 1864.7272727272727
