time: 88.0757246017456
gpu_load: 0.31939393939393934
gpu_free_mem: 4105.469696969697
gpu_used_mem: 1902.5378787878788
