time: 110.0814220905304
gpu_load: 0.11450171821305842
gpu_free_mem: 4676.19587628866
gpu_used_mem: 1331.8075601374571
