time: 114.8106381893158
gpu_load: 0.1292675159235669
gpu_free_mem: 4020.7197452229298
gpu_used_mem: 1987.283439490446
