time: 109.38827610015868
gpu_load: 0.1175257731958763
gpu_free_mem: 4674.518900343643
gpu_used_mem: 1333.4845360824743
