time: 108.5152804851532
gpu_load: 0.14460481099656355
gpu_free_mem: 4682.292096219931
gpu_used_mem: 1325.7113402061855
