{
  "camera_angle_x": 1.1471886463104943,
  "camera_angle_y": 0.8960712339853689,
  "fl_x": 769.2887536457524,
  "fl_y": 767.7349858283995,
  "k1": 0.006544631778456382,
  "k2": -0.011795993718196672,
  "k3": 0,
  "k4": 0,
  "p1": -0.003234253208095893,
  "p2": 0.0020576425247075623,
  "is_fisheye": false,
  "cx": 496.03454457732346,
  "cy": 370.604648366157,
  "w": 994.0,
  "h": 738.0,
  "aabb_scale": 16,
  "frames": [
    {
      "file_path": "./images/frame_00006.jpg",
      "sharpness": 71.19194256478332,
      "transform_matrix": [
        [
          -0.14964510963941696,
          -0.7151794779868262,
          0.6827332242435056,
          3.878273169183815
        ],
        [
          0.9875904631661736,
          -0.14140012482468856,
          0.06834531266302375,
          0.1029705288883043
        ],
        [
          0.04765939809680604,
          0.684488362956377,
          0.7274642690943697,
          0.14007605936545214
        ],
        [
          0.0,
          0.0,
          0.0,
          1.0
        ]
      ]
    },
    {
      "file_path": "./images/frame_00007.jpg",
      "sharpness": 139.5812544411457,
      "transform_matrix": [
        [
          -0.2147733522759261,
          -0.8031012587369013,
          0.5557884268548607,
          3.950288497796766
        ],
        [
          0.976259375453985,
          -0.1601555469762922,
          0.1458349498959043,
          0.11224559814378705
        ],
        [
          -0.02810763232320047,
          0.5739151235540143,
          0.8184322769904793,
          -0.15607819354359986
        ],
        [
          0.0,
          0.0,
          0.0,
          1.0
        ]
      ]
    },
    {
      "file_path": "./images/frame_00008.jpg",
      "sharpness": 393.69585585533855,
      "transform_matrix": [
        [
          -0.24152850325524367,
          -0.8041587659753637,
          0.5431322686774348,
          3.9501925116508794
        ],
        [
          0.9674353654880141,
          -0.15587188488201537,
          0.19943111368746283,
          0.12794045483162877
        ],
        [
          -0.07571522782100557,
          0.5736136632477478,
          0.815619132726893,
          -0.4691910955386163
        ],
        [
          0.0,
          0.0,
          0.0,
          1.0
        ]
      ]
    },
    {
      "file_path": "./images/frame_00005.jpg",
      "sharpness": 193.15909905150014,
      "transform_matrix": [
        [
          -0.048875668977247794,
          -0.5019318077172962,
          0.8635251180145885,
          3.873246602267777
        ],
        [
          0.9949551283370828,
          -0.10030128022660333,
          -0.001986398969167907,
          0.11038494248524648
        ],
        [
          0.08760971167013418,
          0.8590716580380258,
          0.5043019183341758,
          0.391301877285496
        ],
        [
          0.0,
          0.0,
          0.0,
          1.0
        ]
      ]
    },
    {
      "file_path": "./images/frame_00001.jpg",
      "sharpness": 171.95518094805166,
      "transform_matrix": [
        [
          0.05482036144500387,
          -0.2861668076384979,
          0.9566103105421063,
          4.524703565485837
        ],
        [
          0.9955524449117015,
          -0.05784779512548186,
          -0.07435699045600652,
          0.24780278322517776
        ],
        [
          0.07661629984356498,
          0.9564320105806972,
          0.2817228279595076,
          1.374175216194272
        ],
        [
          0.0,
          0.0,
          0.0,
          1.0
        ]
      ]
    },
    {
      "file_path": "./images/frame_00009.jpg",
      "sharpness": 263.28338437956836,
      "transform_matrix": [
        [
          -0.2526646574386991,
          -0.7151332220805882,
          0.6517246700996183,
          3.9120567601041305
        ],
        [
          0.9650402440397168,
          -0.13774104778285784,
          0.2229904283588547,
          0.12234962330019453
        ],
        [
          -0.06969862459993949,
          0.6852823348730386,
          0.7249346338108629,
          -0.7690012627369743
        ],
        [
          0.0,
          0.0,
          0.0,
          1.0
        ]
      ]
    },
    {
      "file_path": "./images/frame_00011.jpg",
      "sharpness": 473.85595439412214,
      "transform_matrix": [
        [
          -0.24692450498455845,
          -0.6410189222860441,
          0.7267207374004162,
          3.7495074305609934
        ],
        [
          0.967552179228691,
          -0.12162351408890616,
          0.22147347762361508,
          0.09298825467807337
        ],
        [
          -0.0535823600973122,
          0.7578274619918739,
          0.6502510811955743,
          -0.9745145412053432
        ],
        [
          0.0,
          0.0,
          0.0,
          1.0
        ]
      ]
    },
    {
      "file_path": "./images/frame_00010.jpg",
      "sharpness": 426.0239447795467,
      "transform_matrix": [
        [
          -0.24931032794111022,
          -0.65025339446508,
          0.7176453744203835,
          3.777476672670517
        ],
        [
          0.9666859566069133,
          -0.12272748626402281,
          0.22462463225237006,
          0.10344332714850811
        ],
        [
          -0.05798811677095678,
          0.7497389460065842,
          0.6591880545132399,
          -0.9431576454603475
        ],
        [
          0.0,
          0.0,
          0.0,
          1.0
        ]
      ]
    },
    {
      "file_path": "./images/frame_00003.jpg",
      "sharpness": 244.96244187836794,
      "transform_matrix": [
        [
          0.003975071700545126,
          -0.3386404807162852,
          0.9409074469275148,
          4.095765771710626
        ],
        [
          0.9972515248721663,
          -0.06827051763860367,
          -0.02878424155188209,
          0.169511582381782
        ],
        [
          0.07398374784794146,
          0.9384358056360557,
          0.3374383555751121,
          0.9307621913441881
        ],
        [
          0.0,
          0.0,
          0.0,
          1.0
        ]
      ]
    },
    {
      "file_path": "./images/frame_00004.jpg",
      "sharpness": 409.6092425736056,
      "transform_matrix": [
        [
          -0.016494814614928164,
          -0.40476368739714236,
          0.914272540610251,
          3.9461521925933702
        ],
        [
          0.9964552613581577,
          -0.08209480544679039,
          -0.018367227077614862,
          0.13988924352922286
        ],
        [
          0.08249141290593734,
          0.9107287194007389,
          0.4046830445103044,
          0.6757154734941235
        ],
        [
          0.0,
          0.0,
          0.0,
          1.0
        ]
      ]
    },
    {
      "file_path": "./images/frame_00002.jpg",
      "sharpness": 519.6457427980613,
      "transform_matrix": [
        [
          0.02254989708990686,
          -0.267250125954047,
          0.9633633127627479,
          4.355445272178739
        ],
        [
          0.9977455700282658,
          -0.05490752819940102,
          -0.03858679613836719,
          0.23094342782097954
        ],
        [
          0.06320822438993072,
          0.9620616059187359,
          0.26540947014978883,
          1.1101300359432897
        ],
        [
          0.0,
          0.0,
          0.0,
          1.0
        ]
      ]
    },
    {
      "file_path": "./images/frame_00012.jpg",
      "sharpness": 664.6951305242951,
      "transform_matrix": [
        [
          -0.20470234067736603,
          -0.6201840038568693,
          0.7572771970287404,
          3.541589172851041
        ],
        [
          0.9787279613560016,
          -0.11883421075916155,
          0.1672423630943831,
          0.056053102421742794
        ],
        [
          -0.013730600323538364,
          0.7754032704151602,
          0.631317066855384,
          -1.1712926865718134
        ],
        [
          0.0,
          0.0,
          0.0,
          1.0
        ]
      ]
    },
    {
      "file_path": "./images/frame_00019.jpg",
      "sharpness": 94.81031414891423,
      "transform_matrix": [
        [
          0.008515046547430662,
          0.301811199133233,
          0.9533296880505139,
          3.146670175567697
        ],
        [
          0.9976314463101656,
          0.06251192093784201,
          -0.028701168512260605,
          0.07830767363151503
        ],
        [
          -0.06825680417232168,
          0.9513160672861009,
          -0.3005640511873377,
          -1.424468322319557
        ],
        [
          0.0,
          0.0,
          0.0,
          1.0
        ]
      ]
    },
    {
      "file_path": "./images/frame_00018.jpg",
      "sharpness": 99.95590320946022,
      "transform_matrix": [
        [
          -0.007016330664372745,
          0.08294894351512931,
          0.9965290983870803,
          3.1304144994217147
        ],
        [
          0.9998115304290673,
          0.018621762635620143,
          0.00548940594688868,
          0.06637705517060176
        ],
        [
          -0.018101787905832677,
          0.9963797984627599,
          -0.08306396660754085,
          -1.4499055600240265
        ],
        [
          0.0,
          0.0,
          0.0,
          1.0
        ]
      ]
    },
    {
      "file_path": "./images/frame_00013.jpg",
      "sharpness": 720.24292335483,
      "transform_matrix": [
        [
          -0.19386039605997868,
          -0.6214532411891018,
          0.7590876207088767,
          3.5016130673616397
        ],
        [
          0.9810187790505206,
          -0.11924975564718705,
          0.15291059782936264,
          0.053879497821841094
        ],
        [
          -0.004505773348882488,
          0.7743225199171555,
          0.6327751047681406,
          -1.2135846146868121
        ],
        [
          0.0,
          0.0,
          0.0,
          1.0
        ]
      ]
    },
    {
      "file_path": "./images/frame_00020.jpg",
      "sharpness": 100.04937989595395,
      "transform_matrix": [
        [
          0.012582804255546724,
          0.5258610173831164,
          0.8504774326766674,
          3.1243150272822175
        ],
        [
          0.9921068832139703,
          0.09955861513703555,
          -0.0762365688608723,
          0.0840140431341897
        ],
        [
          -0.1247621950655667,
          0.8447237847997585,
          -0.5204576083934684,
          -1.4072777290421383
        ],
        [
          0.0,
          0.0,
          0.0,
          1.0
        ]
      ]
    },
    {
      "file_path": "./images/frame_00017.jpg",
      "sharpness": 122.90080180705392,
      "transform_matrix": [
        [
          -0.03692514478414988,
          -0.16405145041268399,
          0.985760445219121,
          3.0863437136247827
        ],
        [
          0.9989640084421479,
          -0.032314477076452755,
          0.03204191643289708,
          0.05594420072818764
        ],
        [
          0.02659781044508838,
          0.9859223581232558,
          0.16507471123967493,
          -1.4634937867286304
        ],
        [
          0.0,
          0.0,
          0.0,
          1.0
        ]
      ]
    },
    {
      "file_path": "./images/frame_00016.jpg",
      "sharpness": 221.06808864046872,
      "transform_matrix": [
        [
          -0.07342057885390323,
          -0.3978862913946162,
          0.9144921638698889,
          3.0702565387988487
        ],
        [
          0.9958422225741249,
          -0.07882864324254485,
          0.045654274097694146,
          0.034072281050895645
        ],
        [
          0.05392296672675752,
          0.9140418722262188,
          0.40201961337132586,
          -1.3999293193923577
        ],
        [
          0.0,
          0.0,
          0.0,
          1.0
        ]
      ]
    },
    {
      "file_path": "./images/frame_00014.jpg",
      "sharpness": 460.4065728243307,
      "transform_matrix": [
        [
          -0.13657158014533266,
          -0.6158182203670348,
          0.775961418511913,
          3.261262110131924
        ],
        [
          0.9899938470817504,
          -0.11291592134112106,
          0.0846296487537479,
          0.03197523928856839
        ],
        [
          0.03550191881061564,
          0.7797550347570649,
          0.6250773548853209,
          -1.4017869330346893
        ],
        [
          0.0,
          0.0,
          0.0,
          1.0
        ]
      ]
    },
    {
      "file_path": "./images/frame_00015.jpg",
      "sharpness": 593.0266024176366,
      "transform_matrix": [
        [
          -0.10862965326082193,
          -0.6092553729070279,
          0.7854982425663264,
          3.185444490458329
        ],
        [
          0.9923890612071732,
          -0.11256362789923285,
          0.049933764836330344,
          0.022275072797807705
        ],
        [
          0.05799611737572702,
          0.784944151080459,
          0.6168461154231053,
          -1.3856831170609174
        ],
        [
          0.0,
          0.0,
          0.0,
          1.0
        ]
      ]
    },
    {
      "file_path": "./images/frame_00023.jpg",
      "sharpness": 223.26293799058806,
      "transform_matrix": [
        [
          0.02174134990404132,
          0.6378180536532362,
          0.7698801492419342,
          2.6295945099078435
        ],
        [
          0.9859314974070194,
          0.11397408850602146,
          -0.12226606058181202,
          -0.054262145079857195
        ],
        [
          -0.16572988905686922,
          0.7617073175705373,
          -0.6263669581733622,
          -1.9719311076701542
        ],
        [
          0.0,
          0.0,
          0.0,
          1.0
        ]
      ]
    },
    {
      "file_path": "./images/frame_00024.jpg",
      "sharpness": 123.86790213881356,
      "transform_matrix": [
        [
          0.05364331976356901,
          0.3620639619028948,
          0.9306084470895146,
          2.4489740151547017
        ],
        [
          0.9944176615585025,
          0.06543136802025636,
          -0.08277832119425074,
          -0.10830607210173858
        ],
        [
          -0.09086203071553411,
          0.9298539797346591,
          -0.35653284253280504,
          -2.1999848402733018
        ],
        [
          0.0,
          0.0,
          0.0,
          1.0
        ]
      ]
    },
    {
      "file_path": "./images/frame_00021.jpg",
      "sharpness": 236.50526580238008,
      "transform_matrix": [
        [
          0.011102750449004734,
          0.6854070824061964,
          0.7280754496467572,
          2.9978957146592413
        ],
        [
          0.9841606237056483,
          0.12134474282032987,
          -0.12924132519205508,
          0.06235734230486069
        ],
        [
          -0.17693104781737873,
          0.7179781228104289,
          -0.6732034013153181,
          -1.5309130403232645
        ],
        [
          0.0,
          0.0,
          0.0,
          1.0
        ]
      ]
    },
    {
      "file_path": "./images/frame_00028.jpg",
      "sharpness": 253.21632755960619,
      "transform_matrix": [
        [
          0.025575966257127408,
          -0.04594226306075657,
          0.9986166323836719,
          1.8709037003859224
        ],
        [
          0.9996285907457799,
          -0.008227911350397923,
          -0.025980416444637746,
          -0.22492372044732797
        ],
        [
          0.009410128251013304,
          0.9989102111793209,
          0.04571476289603154,
          -2.922778449850787
        ],
        [
          0.0,
          0.0,
          0.0,
          1.0
        ]
      ]
    },
    {
      "file_path": "./images/frame_00027.jpg",
      "sharpness": 312.7441122918425,
      "transform_matrix": [
        [
          0.06098556942086554,
          0.012250742631530982,
          0.9980634647585414,
          2.0562055009565996
        ],
        [
          0.9981386467225178,
          -0.0007959394097592785,
          -0.06098039356726171,
          -0.19317803650541568
        ],
        [
          4.734293788021049e-05,
          0.9999246400824855,
          -0.012276480489710983,
          -2.6717799146707746
        ],
        [
          0.0,
          0.0,
          0.0,
          1.0
        ]
      ]
    },
    {
      "file_path": "./images/frame_00022.jpg",
      "sharpness": 233.8969425115084,
      "transform_matrix": [
        [
          0.014672779938986672,
          0.6867287465045223,
          0.7267656694641164,
          2.8199543247624277
        ],
        [
          0.9833739947989157,
          0.12166067243530412,
          -0.1348119695577241,
          0.01779166719991245
        ],
        [
          -0.18099805491808005,
          0.7166605260260984,
          -0.6735260905195315,
          -1.7692003546105066
        ],
        [
          0.0,
          0.0,
          0.0,
          1.0
        ]
      ]
    },
    {
      "file_path": "./images/frame_00025.jpg",
      "sharpness": 322.45852622116917,
      "transform_matrix": [
        [
          0.06623056744765646,
          0.09215677462838777,
          0.993539451095974,
          2.284654504828856
        ],
        [
          0.9975776346011714,
          0.015109161930631795,
          -0.06790122362304649,
          -0.1503044823696876
        ],
        [
          -0.02126910621350096,
          0.9956298720782125,
          -0.09093284887793612,
          -2.453439865635741
        ],
        [
          0.0,
          0.0,
          0.0,
          1.0
        ]
      ]
    },
    {
      "file_path": "./images/frame_00026.jpg",
      "sharpness": 338.21039238346765,
      "transform_matrix": [
        [
          0.0664400953237063,
          0.07957482152555947,
          0.9946122669517944,
          2.2639700366363367
        ],
        [
          0.9976005662970349,
          0.014146708894237586,
          -0.06777153348949538,
          -0.15153431662884592
        ],
        [
          -0.01946339788514484,
          0.9967285079023638,
          -0.07844397832943378,
          -2.4718229365924302
        ],
        [
          0.0,
          0.0,
          0.0,
          1.0
        ]
      ]
    },
    {
      "file_path": "./images/frame_00029.jpg",
      "sharpness": 254.49712772839177,
      "transform_matrix": [
        [
          0.028957309751851342,
          -0.054324017783924844,
          0.9981033891146661,
          1.8503662563380292
        ],
        [
          0.9994590481385417,
          -0.014001136655199324,
          -0.029758683885275552,
          -0.23372230282396242
        ],
        [
          0.015591193219621926,
          0.99842519465547,
          0.053889195854380116,
          -2.9581818157387954
        ],
        [
          0.0,
          0.0,
          0.0,
          1.0
        ]
      ]
    },
    {
      "file_path": "./images/frame_00030.jpg",
      "sharpness": 317.59052393426794,
      "transform_matrix": [
        [
          0.0035262384290233838,
          -0.10226206737878793,
          0.994751242912716,
          1.6525659861313773
        ],
        [
          0.9998253688676029,
          -0.017895400723297452,
          -0.005383902110504484,
          -0.2764511030730293
        ],
        [
          0.01835204107230646,
          0.9945965132992328,
          0.10218110578842687,
          -3.1913619076374364
        ],
        [
          0.0,
          0.0,
          0.0,
          1.0
        ]
      ]
    },
    {
      "file_path": "./images/frame_00031.jpg",
      "sharpness": 359.3367685611063,
      "transform_matrix": [
        [
          -0.008012806776230471,
          -0.16009991966866396,
          0.9870682908026623,
          1.41488928861683
        ],
        [
          0.9996180012311737,
          -0.02739289650837971,
          0.0036716257563915453,
          -0.3355568308699835
        ],
        [
          0.026450832548008896,
          0.9867206519585691,
          0.1602582556832241,
          -3.351659334606397
        ],
        [
          0.0,
          0.0,
          0.0,
          1.0
        ]
      ]
    },
    {
      "file_path": "./images/frame_00032.jpg",
      "sharpness": 613.6653155668108,
      "transform_matrix": [
        [
          -0.017630889882056213,
          -0.2256099717240076,
          0.9740581566000537,
          1.2204963760091307
        ],
        [
          0.9990369448112901,
          -0.04312375031919266,
          0.008094755138496234,
          -0.36644813058208975
        ],
        [
          0.040178783263684875,
          0.9732628025747039,
          0.22615300696329302,
          -3.5990631781263605
        ],
        [
          0.0,
          0.0,
          0.0,
          1.0
        ]
      ]
    },
    {
      "file_path": "./images/frame_00034.jpg",
      "sharpness": 441.27250568429446,
      "transform_matrix": [
        [
          -0.030457487413204455,
          -0.29215043411560376,
          0.9558872660334868,
          0.7803341799461723
        ],
        [
          0.9986066706449132,
          -0.0501248972833626,
          0.01649884893060962,
          -0.46170032324146887
        ],
        [
          0.043093605146917444,
          0.9550579137292053,
          0.29327005076774526,
          -4.001531055893896
        ],
        [
          0.0,
          0.0,
          0.0,
          1.0
        ]
      ]
    },
    {
      "file_path": "./images/frame_00033.jpg",
      "sharpness": 691.3482657087685,
      "transform_matrix": [
        [
          -0.025110242148027456,
          -0.2620270124425957,
          0.964733808129533,
          1.0302030633885426
        ],
        [
          0.9987299875736464,
          -0.04874090616733731,
          0.01275680161138391,
          -0.39841787203102047
        ],
        [
          0.04367937340394574,
          0.963828910582581,
          0.26291813083712934,
          -3.8376200092782633
        ],
        [
          0.0,
          0.0,
          0.0,
          1.0
        ]
      ]
    },
    {
      "file_path": "./images/frame_00035.jpg",
      "sharpness": 807.3281927131497,
      "transform_matrix": [
        [
          -0.03838669705005797,
          -0.3015852877370438,
          0.9526661407694653,
          0.5160995962063515
        ],
        [
          0.9983734442195583,
          -0.051792674120514276,
          0.023832431366606163,
          -0.5001484094074843
        ],
        [
          0.04215361630334964,
          0.9520314244742017,
          0.3030828921348554,
          -4.169316053768076
        ],
        [
          0.0,
          0.0,
          0.0,
          1.0
        ]
      ]
    },
    {
      "file_path": "./images/frame_00037.jpg",
      "sharpness": 370.9406520387377,
      "transform_matrix": [
        [
          -0.04467355586935371,
          -0.1897089975242835,
          0.9808235160938763,
          -0.04898292484574181
        ],
        [
          0.9987274467551314,
          -0.031482493110366265,
          0.03939974271176207,
          -0.6017895489002882
        ],
        [
          0.0234042838953476,
          0.9813354925530998,
          0.1908740176387756,
          -4.334540668733432
        ],
        [
          0.0,
          0.0,
          0.0,
          1.0
        ]
      ]
    },
    {
      "file_path": "./images/frame_00036.jpg",
      "sharpness": 431.8727628231625,
      "transform_matrix": [
        [
          -0.04549314620455665,
          -0.2749112488223887,
          0.9603927212228135,
          0.24197555192781484
        ],
        [
          0.9983971361976053,
          -0.04491395798398894,
          0.03443682347218205,
          -0.5404451724561669
        ],
        [
          0.03366796818291654,
          0.9604199819389225,
          0.2765138807899709,
          -4.275659857855753
        ],
        [
          0.0,
          0.0,
          0.0,
          1.0
        ]
      ]
    },
    {
      "file_path": "./images/frame_00038.jpg",
      "sharpness": 166.93628876920477,
      "transform_matrix": [
        [
          -0.0474607114406477,
          -0.02948978076951625,
          0.9984376964829346,
          -0.3041639626630948
        ],
        [
          0.9988714514630331,
          0.0004178543668756604,
          0.04749367168457684,
          -0.6380673981196506
        ],
        [
          -0.0018177795174462157,
          0.9995649945283951,
          0.029436668455042562,
          -4.475791626293791
        ],
        [
          0.0,
          0.0,
          0.0,
          1.0
        ]
      ]
    },
    {
      "file_path": "./images/frame_00039.jpg",
      "sharpness": 189.01933261806803,
      "transform_matrix": [
        [
          -0.051227529046179936,
          0.20147088632813287,
          0.9781539870022585,
          -0.4825393960126004
        ],
        [
          0.9980430567141662,
          0.045494708257007604,
          0.0428985834903028,
          -0.6442406960790864
        ],
        [
          -0.035858014631083845,
          0.9784373835566723,
          -0.2034072007185255,
          -4.525918465619604
        ],
        [
          0.0,
          0.0,
          0.0,
          1.0
        ]
      ]
    },
    {
      "file_path": "./images/frame_00040.jpg",
      "sharpness": 288.78703688655787,
      "transform_matrix": [
        [
          -0.05487697309865373,
          0.31930382401402935,
          0.9460621469290388,
          -0.6127917973712276
        ],
        [
          0.9970559914773786,
          0.06834061813217485,
          0.03476937981320786,
          -0.666720819084378
        ],
        [
          -0.05355247597962945,
          0.9451849702262165,
          -0.32211411709761123,
          -4.5495429989349905
        ],
        [
          0.0,
          0.0,
          0.0,
          1.0
        ]
      ]
    },
    {
      "file_path": "./images/frame_00041.jpg",
      "sharpness": 398.32864893489665,
      "transform_matrix": [
        [
          -0.06204447934418132,
          0.47207819230911896,
          0.879370606165284,
          -0.888569165662856
        ],
        [
          0.9952784658420418,
          0.09515483131945643,
          0.01913984085353694,
          -0.7269687193629347
        ],
        [
          -0.0746408602257238,
          0.8764061492712584,
          -0.4757530909652033,
          -4.623613552820862
        ],
        [
          0.0,
          0.0,
          0.0,
          1.0
        ]
      ]
    },
    {
      "file_path": "./images/frame_00042.jpg",
      "sharpness": 284.55359771350226,
      "transform_matrix": [
        [
          -0.07476859917107682,
          0.6079379138374963,
          0.790456291995543,
          -1.1701677849165961
        ],
        [
          0.9923036152369414,
          0.123821081330383,
          -0.0013693086183136406,
          -0.8028335983910874
        ],
        [
          -0.09870760744411036,
          0.7842702549467403,
          -0.6125169185394722,
          -4.670633766731852
        ],
        [
          0.0,
          0.0,
          0.0,
          1.0
        ]
      ]
    },
    {
      "file_path": "./images/frame_00043.jpg",
      "sharpness": 192.10399708487114,
      "transform_matrix": [
        [
          -0.09096592284014571,
          0.731914326480958,
          0.675297430494298,
          -1.4312648410890787
        ],
        [
          0.9890936815221495,
          0.1452817135389618,
          -0.024226284988925977,
          -0.8438360031062536
        ],
        [
          -0.11583993291147503,
          0.6657286552790471,
          -0.7371475208817249,
          -4.589308005087741
        ],
        [
          0.0,
          0.0,
          0.0,
          1.0
        ]
      ]
    },
    {
      "file_path": "./images/frame_00045.jpg",
      "sharpness": 314.6175756748433,
      "transform_matrix": [
        [
          -0.12508770658171647,
          0.8761753816886299,
          0.4654779975931677,
          -1.9587563414589322
        ],
        [
          0.9833299577174948,
          0.1718889718535691,
          -0.0592990354951413,
          -0.9442533049756027
        ],
        [
          -0.13196688948547072,
          0.4503008793391186,
          -0.8830706983048425,
          -4.4095057364356345
        ],
        [
          0.0,
          0.0,
          0.0,
          1.0
        ]
      ]
    },
    {
      "file_path": "./images/frame_00044.jpg",
      "sharpness": 381.6767419087435,
      "transform_matrix": [
        [
          -0.10914523566008484,
          0.8174003865592135,
          0.5656358595810451,
          -1.6825607254372008
        ],
        [
          0.9864254238996787,
          0.15929836672745257,
          -0.039861177134237355,
          -0.884543821887898
        ],
        [
          -0.12268741019197005,
          0.5536069349880866,
          -0.8236911805841677,
          -4.5105674932116315
        ],
        [
          0.0,
          0.0,
          0.0,
          1.0
        ]
      ]
    },
    {
      "file_path": "./images/frame_00046.jpg",
      "sharpness": 277.7247260902566,
      "transform_matrix": [
        [
          -0.12710638303585214,
          0.8962562166082552,
          0.4249338320739293,
          -2.169985191027297
        ],
        [
          0.9820243064690667,
          0.17397942562234756,
          -0.07320806625152682,
          -0.9551745442949471
        ],
        [
          -0.1395429285155252,
          0.40799013922736266,
          -0.9022592850468228,
          -4.255484496090865
        ],
        [
          0.0,
          0.0,
          0.0,
          1.0
        ]
      ]
    },
    {
      "file_path": "./images/frame_00047.jpg",
      "sharpness": 248.76174282615798,
      "transform_matrix": [
        [
          -0.12525612212580015,
          0.8988246310737555,
          0.4200299828626157,
          -2.3807828436064375
        ],
        [
          0.980729125918528,
          0.17615572319493378,
          -0.08449581505004124,
          -1.0058142798202245
        ],
        [
          -0.14993760518434926,
          0.4013520198234004,
          -0.9035680775646712,
          -4.055411420002884
        ],
        [
          0.0,
          0.0,
          0.0,
          1.0
        ]
      ]
    },
    {
      "file_path": "./images/frame_00048.jpg",
      "sharpness": 115.50965398086394,
      "transform_matrix": [
        [
          -0.15831471626311308,
          0.9636403076234915,
          0.21525289358395902,
          -2.4851020598090425
        ],
        [
          0.9743568306296729,
          0.18776959015300398,
          -0.12398123898111815,
          -1.0312552924904832
        ],
        [
          -0.1598912668788145,
          0.19010507250508757,
          -0.9686562053909419,
          -3.881176474659385
        ],
        [
          0.0,
          0.0,
          0.0,
          1.0
        ]
      ]
    },
    {
      "file_path": "./images/frame_00054.jpg",
      "sharpness": 196.50989814170399,
      "transform_matrix": [
        [
          -0.22211513956440057,
          0.9299373995464433,
          -0.29305511044771254,
          -2.5399030286808357
        ],
        [
          0.9689830160110292,
          0.17713705853730005,
          -0.17232056515443636,
          -1.0390042659109455
        ],
        [
          -0.10833641799405856,
          -0.32224043115816375,
          -0.9404383685930054,
          -2.395558540335085
        ],
        [
          0.0,
          0.0,
          0.0,
          1.0
        ]
      ]
    },
    {
      "file_path": "./images/frame_00050.jpg",
      "sharpness": 202.28650573807442,
      "transform_matrix": [
        [
          -0.22130455044428482,
          0.9561290001113465,
          -0.19194173896566735,
          -2.6754758071555385
        ],
        [
          0.9638889019412883,
          0.18456145334113516,
          -0.1919772243138402,
          -1.0632930979302202
        ],
        [
          -0.14812994522701536,
          -0.22749594533063458,
          -0.9624464214925514,
          -3.3230712449026547
        ],
        [
          0.0,
          0.0,
          0.0,
          1.0
        ]
      ]
    },
    {
      "file_path": "./images/frame_00053.jpg",
      "sharpness": 187.50711790804962,
      "transform_matrix": [
        [
          -0.2321644204082796,
          0.9276013302611036,
          -0.2926695304481733,
          -2.635850576532648
        ],
        [
          0.9638510599471508,
          0.17895567217175307,
          -0.19739807911053991,
          -1.0980409277318983
        ],
        [
          -0.13073184822837916,
          -0.32791864776311297,
          -0.9356166652890808,
          -2.67307081461745
        ],
        [
          0.0,
          0.0,
          0.0,
          1.0
        ]
      ]
    },
    {
      "file_path": "./images/frame_00049.jpg",
      "sharpness": 221.25216882317608,
      "transform_matrix": [
        [
          -0.19485315253698215,
          0.9806712966878064,
          -0.01777798800458856,
          -2.562018995160938
        ],
        [
          0.9691533007756892,
          0.18971255916108326,
          -0.1573245832422903,
          -1.0353379366381519
        ],
        [
          -0.15091099544800002,
          -0.04788478677212477,
          -0.9873869143893584,
          -3.6055833020082133
        ],
        [
          0.0,
          0.0,
          0.0,
          1.0
        ]
      ]
    },
    {
      "file_path": "./images/frame_00052.jpg",
      "sharpness": 223.3747304809662,
      "transform_matrix": [
        [
          -0.23403134575728432,
          0.9267317042439498,
          -0.2939348186427969,
          -2.7258135476352097
        ],
        [
          0.9612732333458657,
          0.17530618499767706,
          -0.21265350303854924,
          -1.0877716733293206
        ],
        [
          -0.1455441515901078,
          -0.3323192590058046,
          -0.9318695241772879,
          -2.9519149184615148
        ],
        [
          0.0,
          0.0,
          0.0,
          1.0
        ]
      ]
    },
    {
      "file_path": "./images/frame_00055.jpg",
      "sharpness": 207.8717235644273,
      "transform_matrix": [
        [
          -0.22344492108691077,
          0.9268204790192859,
          -0.30178828169655886,
          -2.6026504072850467
        ],
        [
          0.9682572107098882,
          0.1754716639698398,
          -0.17801030602800505,
          -0.9954371044780578
        ],
        [
          -0.1120283051473514,
          -0.33198417864352464,
          -0.9366088639527457,
          -2.090261071664446
        ],
        [
          0.0,
          0.0,
          0.0,
          1.0
        ]
      ]
    },
    {
      "file_path": "./images/frame_00051.jpg",
      "sharpness": 270.51224146975994,
      "transform_matrix": [
        [
          -0.22943421578749523,
          0.939178980873195,
          -0.2555440912453255,
          -2.677507443122604
        ],
        [
          0.9628337821043981,
          0.180556387511759,
          -0.20087433625892948,
          -1.0731933611380613
        ],
        [
          -0.1425168364460095,
          -0.2921339296795695,
          -0.945699063401276,
          -3.2289177296951124
        ],
        [
          0.0,
          0.0,
          0.0,
          1.0
        ]
      ]
    },
    {
      "file_path": "./images/frame_00056.jpg",
      "sharpness": 123.32990385000721,
      "transform_matrix": [
        [
          -0.2355500936005142,
          0.9206105388905284,
          -0.3114360113200058,
          -2.881011604319869
        ],
        [
          0.9615828893236728,
          0.17428378806874317,
          -0.21209315919323657,
          -1.0153263846988698
        ],
        [
          -0.14097694978600947,
          -0.34943010310452677,
          -0.9262959045208224,
          -1.949728818573866
        ],
        [
          0.0,
          0.0,
          0.0,
          1.0
        ]
      ]
    },
    {
      "file_path": "./images/frame_00061.jpg",
      "sharpness": 64.3725434086485,
      "transform_matrix": [
        [
          -0.2893822840440593,
          0.8872578114338863,
          -0.359209506819389,
          -4.083848389582994
        ],
        [
          0.9268383017525238,
          0.1659358151291578,
          -0.3368027132642206,
          -1.2218514162514633
        ],
        [
          -0.23922511593958903,
          -0.43039386771048077,
          -0.8703634083528325,
          -2.116103084070103
        ],
        [
          0.0,
          0.0,
          0.0,
          1.0
        ]
      ]
    },
    {
      "file_path": "./images/frame_00062.jpg",
      "sharpness": 42.96530621174225,
      "transform_matrix": [
        [
          -0.2649849838583312,
          0.9310366132948605,
          -0.250905924785508,
          -4.355006405253275
        ],
        [
          0.9291954957466617,
          0.17702941541026646,
          -0.3244322991994416,
          -1.2950720770487607
        ],
        [
          -0.25764061990236226,
          -0.31911034273333017,
          -0.91202516423375,
          -1.9973207618412274
        ],
        [
          0.0,
          0.0,
          0.0,
          1.0
        ]
      ]
    },
    {
      "file_path": "./images/frame_00063.jpg",
      "sharpness": 32.12690084949055,
      "transform_matrix": [
        [
          -0.19335517793333862,
          0.9810080922778172,
          -0.015391494737021954,
          -4.607390021573843
        ],
        [
          0.9346615834109369,
          0.17940438141409734,
          -0.3069556847908289,
          -1.3661424252742644
        ],
        [
          -0.2983647091581482,
          -0.07373730989234663,
          -0.9515993429576702,
          -1.8057654890986212
        ],
        [
          0.0,
          0.0,
          0.0,
          1.0
        ]
      ]
    },
    {
      "file_path": "./images/frame_00059.jpg",
      "sharpness": 124.7636734965566,
      "transform_matrix": [
        [
          -0.2677225243088962,
          0.8970311355461849,
          -0.35165294239751393,
          -3.5064853937380236
        ],
        [
          0.9413511645654844,
          0.16572507744709386,
          -0.2939271741036916,
          -1.0927919364880183
        ],
        [
          -0.20538411564078932,
          -0.4097198318627998,
          -0.8887896401733233,
          -2.1153976055425945
        ],
        [
          0.0,
          0.0,
          0.0,
          1.0
        ]
      ]
    },
    {
      "file_path": "./images/frame_00057.jpg",
      "sharpness": 172.85396652982342,
      "transform_matrix": [
        [
          -0.2359923946065969,
          0.919973132888054,
          -0.31298086924030655,
          -2.9232426912750173
        ],
        [
          0.9601018516693922,
          0.17100872366375813,
          -0.2212700857597296,
          -1.0298267175109117
        ],
        [
          -0.15004007503082842,
          -0.35271156948795995,
          -0.9236246665679405,
          -1.9434295799184829
        ],
        [
          0.0,
          0.0,
          0.0,
          1.0
        ]
      ]
    },
    {
      "file_path": "./images/frame_00058.jpg",
      "sharpness": 166.6334366569985,
      "transform_matrix": [
        [
          -0.2510464692726609,
          0.9077060692833998,
          -0.3362221915790899,
          -3.2121984995668336
        ],
        [
          0.9519770441452293,
