time: 28.486980199813843
gpu_load: 0.729090909090909
gpu_free_mem: 18363.272727272728
gpu_used_mem: 5891.727272727273
