time: 22.708839178085327
gpu_load: 0.7054545454545454
gpu_free_mem: 18152.0
gpu_used_mem: 6103.0
