time: 25.83464503288269
gpu_load: 0.7854545454545455
gpu_free_mem: 18603.454545454544
gpu_used_mem: 5651.545454545455
