time: 29.0654890537262
gpu_load: 0.46
gpu_free_mem: 17882.18181818182
gpu_used_mem: 6372.818181818182
