time: 22.932663202285767
gpu_load: 0.48636363636363633
gpu_free_mem: 18701.454545454544
gpu_used_mem: 5553.545454545455
