time: 22.719892740249637
gpu_load: 0.6836363636363637
gpu_free_mem: 18261.272727272728
gpu_used_mem: 5993.727272727273
