time: 33.638341665267944
gpu_load: 0.5072727272727273
gpu_free_mem: 17875.272727272728
gpu_used_mem: 6379.727272727273
