time: 24.809693336486816
gpu_load: 0.7745454545454545
gpu_free_mem: 18609.272727272728
gpu_used_mem: 5645.727272727273
