time: 28.97765684127808
gpu_load: 0.47181818181818175
gpu_free_mem: 17894.727272727272
gpu_used_mem: 6360.272727272727
