time: 26.11986613273621
gpu_load: 0.7554545454545455
gpu_free_mem: 18603.454545454544
gpu_used_mem: 5651.545454545455
