time: 26.96829485893249
gpu_load: 0.7645454545454545
gpu_free_mem: 18603.454545454544
gpu_used_mem: 5651.545454545455
