time: 28.869812965393063
gpu_load: 0.44636363636363635
gpu_free_mem: 17880.909090909092
gpu_used_mem: 6374.090909090909
