time: 34.328986167907715
gpu_load: 0.44090909090909086
gpu_free_mem: 18010.18181818182
gpu_used_mem: 6244.818181818182
