time: 25.051310062408447
gpu_load: 0.7599999999999999
gpu_free_mem: 18609.272727272728
gpu_used_mem: 5645.727272727273
