time: 28.699971437454224
gpu_load: 0.7145454545454546
gpu_free_mem: 18483.81818181818
gpu_used_mem: 5771.181818181818
