time: 29.48809552192688
gpu_load: 0.7354545454545455
gpu_free_mem: 18363.272727272728
gpu_used_mem: 5891.727272727273
