{
    "w": 4032,
    "h": 3024,
    "fl_x": 3335.1080809435816,
    "fl_y": 3413.605641913135,
    "cx": 2039.354811298557,
    "cy": 1513.849306703599,
    "k1": 0.02664240127904457,
    "k2": -0.007603452726883261,
    "p1": -0.0003493266620588714,
    "p2": 0.0017017328998119308,
    "camera_model": "OPENCV",
    "frames": [
        {
            "file_path": "images/frame_00020.JPG",
            "transform_matrix": [
                [
                    0.053277064838869716,
                    -0.9974463796921152,
                    0.04756336827063079,
                    1.7160984650507556
                ],
                [
                    0.9634597726741219,
                    0.038823994573817557,
                    -0.26502445902984473,
                    -3.826051759106415
                ],
                [
                    0.2625010872375284,
                    0.059945117269256894,
                    0.9630678907090042,
                    -1.148586533870651
                ],
                [
                    0.0,
                    0.0,
                    0.0,
                    1.0
                ]
            ],
            "colmap_im_id": 20
        },
        {
            "file_path": "images/frame_00019.JPG",
            "transform_matrix": [
                [
                    0.014090837260207073,
                    -0.9988478805615384,
                    0.045873301636454894,
                    1.668749726076918
                ],
                [
                    0.9735555702948613,
                    0.003243235104584929,
                    -0.22842730347728554,
                    -2.0263470307464484
                ],
                [
                    0.22801535003844342,
                    0.047878940295073405,
                    0.9724796178959573,
                    -0.6712275326689061
                ],
                [
                    0.0,
                    0.0,
                    0.0,
                    1.0
                ]
            ],
            "colmap_im_id": 19
        },
        {
            "file_path": "images/frame_00018.JPG",
            "transform_matrix": [
                [
                    0.019428851713878773,
                    -0.9991000864813055,
                    0.0377032745809634,
                    1.4815407849219144
                ],
                [
                    0.9876678872120728,
                    0.013319682046808806,
                    -0.155995931486088,
                    0.35300653241655255
                ],
                [
                    0.15535335300894043,
                    0.040269135367168356,
                    0.9870378576557537,
                    -0.3044567240114376
                ],
                [
                    0.0,
                    0.0,
                    0.0,
                    1.0
                ]
            ],
            "colmap_im_id": 18
        },
        {
            "file_path": "images/frame_00017.JPG",
            "transform_matrix": [
                [
                    -0.011538765662589885,
                    -0.9988331344938205,
                    0.04689590946162983,
                    1.4647173251335348
                ],
                [
                    0.9988487269563336,
                    -0.013697452820956104,
                    -0.04597391047028262,
                    3.168307285145165
                ],
                [
                    0.046562619607317175,
                    0.04631143728569897,
                    0.9978412565292323,
                    -0.1439314643459596
                ],
                [
                    0.0,
                    0.0,
                    0.0,
                    1.0
                ]
            ],
            "colmap_im_id": 17
        },
        {
            "file_path": "images/frame_00016.JPG",
            "transform_matrix": [
                [
                    -0.02237619605321826,
                    -0.9977690163285534,
                    0.06289909303749006,
                    1.1860021480998835
                ],
                [
                    0.9995121855673361,
                    -0.020955460028379207,
                    0.023157279576972178,
                    5.404094436146695
                ],
                [
                    -0.021787536634392403,
                    0.06338658177997841,
                    0.9977511936839039,
                    -0.1752785504902298
                ],
                [
                    0.0,
                    0.0,
                    0.0,
                    1.0
                ]
            ],
            "colmap_im_id": 16
        },
        {
            "file_path": "images/frame_00015.JPG",
            "transform_matrix": [
                [
                    -0.015460138385422527,
                    -0.9989172520470637,
                    0.043878328179709804,
                    0.579604962315826
                ],
                [
                    0.9998129710297258,
                    -0.014934246636547324,
                    0.012287849206077306,
                    5.003223554369749
                ],
                [
                    -0.011619254787468287,
                    0.04406009351035817,
                    0.9989613111017076,
                    -0.12241893649123549
                ],
                [
                    0.0,
                    0.0,
                    0.0,
                    1.0
                ]
            ],
            "colmap_im_id": 15
        },
        {
            "file_path": "images/frame_00014.JPG",
            "transform_matrix": [
                [
                    -0.022353711640002428,
                    -0.9997168020422507,
                    0.00816255415485098,
                    0.5472153076220907
                ],
                [
                    0.9993882716136038,
                    -0.02256452577298121,
                    -0.026719370086406995,
                    3.023450586095546
                ],
                [
                    0.026895987378966667,
                    0.007560283794654912,
                    0.9996096477985066,
                    0.09082003984346494
                ],
                [
                    0.0,
                    0.0,
                    0.0,
                    1.0
                ]
            ],
            "colmap_im_id": 14
        },
        {
            "file_path": "images/frame_00001.JPG",
            "transform_matrix": [
                [
                    -0.027123201623854176,
                    -0.9989368137558786,
                    -0.03727699098538999,
                    -1.5909884933629166
                ],
                [
                    0.9739241461115314,
                    -0.018004580973013412,
                    -0.22615833543097727,
                    -3.697072732925744
                ],
                [
                    0.2252467303971269,
                    -0.04243909974586284,
                    0.9733770252364521,
                    -0.0879084330007061
                ],
                [
                    0.0,
                    0.0,
                    0.0,
                    1.0
                ]
            ],
            "colmap_im_id": 1
        },
        {
            "file_path": "images/frame_00002.JPG",
            "transform_matrix": [
                [
                    -0.011610760099792252,
                    -0.9992544313733112,
                    -0.036820804319101785,
                    -1.5918966508021313
                ],
                [
                    0.9849865677699718,
                    -0.005086582841826985,
                    -0.1725560430345001,
                    -1.6758103785400824
                ],
                [
                    0.1722400985909962,
                    -0.03827150448824484,
                    0.9843112517804368,
                    0.03631586740758565
                ],
                [
                    0.0,
                    0.0,
                    0.0,
                    1.0
                ]
            ],
            "colmap_im_id": 2
        },
        {
            "file_path": "images/frame_00003.JPG",
            "transform_matrix": [
                [
                    -0.0023519043203434073,
                    -0.9997815086122677,
                    -0.020770257173329372,
                    -1.4451166014890588
                ],
                [
                    0.9914292673084502,
                    0.00038184671802806835,
                    -0.1306440282497198,
                    0.26856566610049615
                ],
                [
                    0.1306234147092228,
                    -0.0208995031056296,
                    0.9912117504850515,
                    0.10988271734024911
                ],
                [
                    0.0,
                    0.0,
                    0.0,
                    1.0
                ]
            ],
            "colmap_im_id": 3
        },
        {
            "file_path": "images/frame_00004.JPG",
            "transform_matrix": [
                [
                    0.0019523611311061029,
                    -0.9998689860710074,
                    -0.01606857116701273,
                    -1.2596376515189898
                ],
                [
                    0.999391097731345,
                    0.002510708353750268,
                    -0.03480129478768782,
                    2.983019833918688
                ],
                [
                    0.0348370788291855,
                    -0.015990842282319444,
                    0.9992650653864326,
                    0.3329315305012553
                ],
                [
                    0.0,
                    0.0,
                    0.0,
                    1.0
                ]
            ],
            "colmap_im_id": 4
        },
        {
            "file_path": "images/frame_00005.JPG",
            "transform_matrix": [
                [
                    0.0005642437039278278,
                    -0.9999970271501147,
                    -0.002372197288438033,
                    -0.9595142347576813
                ],
                [
                    0.9997626146959381,
                    0.0006157762335200815,
                    -0.02177923497214226,
                    4.278177320694853
                ],
                [
                    0.021780630968457514,
                    -0.002359345367454026,
                    0.9997599899996262,
                    0.14071847095841422
                ],
                [
                    0.0,
                    0.0,
                    0.0,
                    1.0
                ]
            ],
            "colmap_im_id": 5
        },
        {
            "file_path": "images/frame_00006.JPG",
            "transform_matrix": [
                [
                    0.006714449349266644,
                    -0.9999672626256798,
                    -0.004515511802749544,
                    -0.2218838028584376
                ],
                [
                    0.9995569223184212,
                    0.0068425032237929805,
                    -0.028967899388086343,
                    4.712388321881975
                ],
                [
                    0.028997848459188194,
                    -0.004319007587052882,
                    0.9995701430906192,
                    0.23040749343212205
                ],
                [
                    0.0,
                    0.0,
                    0.0,
                    1.0
                ]
            ],
            "colmap_im_id": 6
        },
        {
            "file_path": "images/frame_00007.JPG",
            "transform_matrix": [
                [
                    0.0011008689935485105,
                    -0.9999821475002363,
                    -0.005873054424638727,
                    -0.2947065650255321
                ],
                [
                    0.9962209304941321,
                    0.0016067565201480268,
                    -0.08684052037436514,
                    2.1921526508422495
                ],
                [
                    0.08684840662248562,
                    -0.005755259707492517,
                    0.996204914288639,
                    0.24055154051116193
                ],
                [
                    0.0,
                    0.0,
                    0.0,
                    1.0
                ]
            ],
            "colmap_im_id": 7
        },
        {
            "file_path": "images/frame_00008.JPG",
            "transform_matrix": [
                [
                    -0.0005320657629294689,
                    -0.999951208441379,
                    -0.009863956744105793,
                    -0.38881038803005136
                ],
                [
                    0.984345536085467,
                    0.0012147982833573942,
                    -0.17624525484036577,
                    -0.7624768289556694
                ],
                [
                    0.1762486382774024,
                    -0.00980331585518001,
                    0.9842968619799644,
                    0.17310603496830274
                ],
                [
                    0.0,
                    0.0,
                    0.0,
                    1.0
                ]
            ],
            "colmap_im_id": 8
        },
        {
            "file_path": "images/frame_00009.JPG",
            "transform_matrix": [
                [
                    -0.005054036162902269,
                    -0.9999514698998784,
                    -0.008456628378793176,
                    -0.3868229953643902
                ],
                [
                    0.9689392998046742,
                    -0.0028060120961448574,
                    -0.24728275231027314,
                    -3.045081273459266
                ],
                [
                    0.24724702225202166,
                    -0.009443735552694324,
                    0.9689064587700503,
                    -0.08327918294473562
                ],
                [
                    0.0,
                    0.0,
                    0.0,
                    1.0
                ]
            ],
            "colmap_im_id": 9
        },
        {
            "file_path": "images/frame_00010.JPG",
            "transform_matrix": [
                [
                    -0.014884724540869114,
                    -0.999870198262673,
                    -0.006166976690829042,
                    -0.36940838330598
                ],
                [
                    0.9541555748270993,
                    -0.012359676999321549,
                    -0.2990558098596987,
                    -4.83643609764948
                ],
                [
                    0.2989407700560602,
                    -0.01033561854149145,
                    0.9542156941633555,
                    -0.4539420621910571
                ],
                [
                    0.0,
                    0.0,
                    0.0,
                    1.0
                ]
            ],
            "colmap_im_id": 10
        },
        {
            "file_path": "images/frame_00011.JPG",
            "transform_matrix": [
                [
                    -0.005271850109133552,
                    -0.9998596073213023,
                    0.01590513262184026,
                    0.7063269938190042
                ],
                [
                    0.9584652622245855,
                    -0.009587958910814723,
                    -0.28504808743908644,
                    -4.785776952342959
                ],
                [
                    0.2851605665325824,
                    0.013741786318234875,
                    0.9583812470012132,
                    -0.26942385286182796
                ],
                [
                    0.0,
                    0.0,
                    0.0,
                    1.0
                ]
            ],
            "colmap_im_id": 11
        },
        {
            "file_path": "images/frame_00012.JPG",
            "transform_matrix": [
                [
                    -0.0015087666573065464,
                    -0.9997857977681017,
                    0.020641758751965437,
                    0.46443669249118547
                ],
                [
                    0.9799842630215059,
                    -0.0055874031014913755,
                    -0.19899654559006158,
                    -1.839373891782218
                ],
                [
                    0.1990692539127271,
                    0.019928359385107106,
                    0.9797827782926419,
                    0.021675181058471337
                ],
                [
                    0.0,
                    0.0,
                    0.0,
                    1.0
                ]
            ],
            "colmap_im_id": 12
        },
        {
            "file_path": "images/frame_00013.JPG",
            "transform_matrix": [
                [
                    -0.021793594676268735,
                    -0.9997574310082783,
                    -0.0031809392974337138,
                    0.5169439381614525
                ],
                [
                    0.9966335991655352,
                    -0.021473754162836776,
                    -0.07912235396210963,
                    0.7079905713353521
                ],
                [
                    0.0790348546240064,
                    -0.004894591492810934,
                    0.9968598370526726,
                    0.1344768781253413
                ],
                [
                    0.0,
                    0.0,
                    0.0,
                    1.0
                ]
            ],
            "colmap_im_id": 13
        }
    ]
}