time: 92.10651683807372
gpu_load: 0.3497520661157024
gpu_free_mem: 4148.05785123967
gpu_used_mem: 1859.9504132231405
