time: 109.17936873435974
gpu_load: 0.11924398625429551
gpu_free_mem: 4675.522336769759
gpu_used_mem: 1332.4810996563574
