time: 89.6176176071167
gpu_load: 0.3114049586776859
gpu_free_mem: 4193.694214876033
gpu_used_mem: 1814.314049586777
