time: 113.76358556747437
gpu_load: 0.12952229299363058
gpu_free_mem: 4033.9490445859874
gpu_used_mem: 1974.0541401273886
