time: 75.41740608215332
gpu_load: 0.46199999999999997
gpu_free_mem: 4373.030769230769
gpu_used_mem: 1634.9846153846154
