time: 159.48121809959412
gpu_load: 0.07089253187613845
gpu_free_mem: 4862.380692167578
gpu_used_mem: 1145.6211293260474
