time: 75.40025734901428
gpu_load: 0.4656923076923077
gpu_free_mem: 4378.969230769231
gpu_used_mem: 1629.0461538461539
