time: 88.24736094474792
gpu_load: 0.2968939393939394
gpu_free_mem: 4124.969696969697
gpu_used_mem: 1883.0378787878788
