time: 74.61121106147766
gpu_load: 0.5444615384615384
gpu_free_mem: 4389.4
gpu_used_mem: 1618.6153846153845
