time: 108.3857123851776
gpu_load: 0.1379037800687285
gpu_free_mem: 4608.807560137457
gpu_used_mem: 1399.1958762886597
