time: 113.32938122749329
gpu_load: 0.1415923566878981
gpu_free_mem: 4046.235668789809
gpu_used_mem: 1961.7675159235669
