time: 158.10966062545776
gpu_load: 0.08903460837887067
gpu_free_mem: 5187.284153005465
gpu_used_mem: 820.7176684881603
