time: 92.37607598304749
gpu_load: 0.3123966942148761
gpu_free_mem: 4193.297520661157
gpu_used_mem: 1814.7107438016528
