time: 158.71222567558289
gpu_load: 0.07120218579234971
gpu_free_mem: 5252.68306010929
gpu_used_mem: 755.3187613843352
