time: 91.82390522956848
gpu_load: 0.3633884297520661
gpu_free_mem: 4148.173553719008
gpu_used_mem: 1859.8347107438017
