time: 114.97961282730104
gpu_load: 0.12226114649681528
gpu_free_mem: 4082.815286624204
gpu_used_mem: 1925.187898089172
