time: 87.5363564491272
gpu_load: 0.26621212121212123
gpu_free_mem: 4391.515151515152
gpu_used_mem: 1616.4924242424242
