time: 159.682621717453
gpu_load: 0.0680327868852459
gpu_free_mem: 4974.453551912568
gpu_used_mem: 1033.5482695810565
