time: 159.09614372253418
gpu_load: 0.07515482695810564
gpu_free_mem: 4862.897996357013
gpu_used_mem: 1145.103825136612
