{
  "camera_angle_x": 1.1492229411392645,
  "camera_angle_y": 0.8957263471826031,
  "fl_x": 767.5747560486628,
  "fl_y": 768.074189211617,
  "k1": 0.0028217840174643597,
  "k2": -0.005943057011410123,
  "k3": 0,
  "k4": 0,
  "p1": -0.0037435849668964174,
  "p2": 0.0022480290975062894,
  "is_fisheye": false,
  "cx": 494.77987755121615,
  "cy": 369.87342783430176,
  "w": 994.0,
  "h": 738.0,
  "aabb_scale": 64,
  "frames": [
    {
      "file_path": "./images/frame_00008.jpg",
      "sharpness": 186.08022658765321,
      "transform_matrix": [
        [
          -0.002431598399180406,
          -0.5314303496973998,
          0.8470985012321666,
          4.085472856401762
        ],
        [
          0.9886965937535532,
          -0.1282672657642289,
          -0.0776308832462971,
          -0.1937995815085818
        ],
        [
          0.14991041601692395,
          0.8373346356105545,
          0.5257352710411782,
          2.1762745171097877
        ],
        [
          0.0,
          0.0,
          0.0,
          1.0
        ]
      ]
    },
    {
      "file_path": "./images/frame_00001.jpg",
      "sharpness": 132.69525036931248,
      "transform_matrix": [
        [
          -0.03279725992709728,
          -0.6820363207576563,
          0.7305825052303759,
          3.3363781795765988
        ],
        [
          0.97489821445924,
          -0.1828946313980106,
          -0.12697647518371966,
          -0.5082012063278326
        ],
        [
          0.22022218595702478,
          0.7080790994030246,
          0.6709144340682197,
          3.788664838676983
        ],
        [
          0.0,
          0.0,
          0.0,
          1.0
        ]
      ]
    },
    {
      "file_path": "./images/frame_00005.jpg",
      "sharpness": 302.5686330087785,
      "transform_matrix": [
        [
          -0.04106231409472499,
          -0.680107635617236,
          0.7319613995125543,
          3.9440159325223623
        ],
        [
          0.9769339852560566,
          -0.18097495627384266,
          -0.11334925519609663,
          -0.294790955462324
        ],
        [
          0.20955637622131718,
          0.7104235843601351,
          0.6718515133644161,
          3.1281502439286824
        ],
        [
          0.0,
          0.0,
          0.0,
          1.0
        ]
      ]
    },
    {
      "file_path": "./images/frame_00006.jpg",
      "sharpness": 228.76612520489394,
      "transform_matrix": [
        [
          -0.02827638643409778,
          -0.6692871699852451,
          0.7424655750291927,
          4.055553811439794
        ],
        [
          0.982424268361319,
          -0.15570733556370098,
          -0.10294553213466769,
          -0.25270492474320955
        ],
        [
          0.18450746030060353,
          0.7265052716832172,
          0.6619267990873949,
          2.8306190530232076
        ],
        [
          0.0,
          0.0,
          0.0,
          1.0
        ]
      ]
    },
    {
      "file_path": "./images/frame_00007.jpg",
      "sharpness": 307.87866902713165,
      "transform_matrix": [
        [
          -0.020948410013702207,
          -0.5851011336013773,
          0.8106897233938144,
          4.105770126115452
        ],
        [
          0.9826862179119118,
          -0.16135503664170625,
          -0.09106233731047274,
          -0.20220685557482365
        ],
        [
          0.18408954681201223,
          0.7947460070031358,
          0.578350951540056,
          2.4920910150266753
        ],
        [
          0.0,
          0.0,
          0.0,
          1.0
        ]
      ]
    },
    {
      "file_path": "./images/frame_00004.jpg",
      "sharpness": 236.11846383533347,
      "transform_matrix": [
        [
          -0.03238962309584342,
          -0.6967659910617289,
          0.7165668608410064,
          3.9094256562163676
        ],
        [
          0.9676765122929388,
          -0.20126742855485744,
          -0.15196575192983186,
          -0.3523241331983356
        ],
        [
          0.25010613721992586,
          0.6884828072948412,
          0.6807630602673083,
          3.4602549949451578
        ],
        [
          0.0,
          0.0,
          0.0,
          1.0
        ]
      ]
    },
    {
      "file_path": "./images/frame_00003.jpg",
      "sharpness": 263.62438504859017,
      "transform_matrix": [
        [
          -0.03139705211646556,
          -0.6931372670500737,
          0.7201214857125213,
          3.877162088833957
        ],
        [
          0.9737205727138757,
          -0.18381059306814845,
          -0.13446900070204926,
          -0.3652007262634846
        ],
        [
          0.22557143301950763,
          0.6969751752684721,
          0.6806931274114474,
          3.5208474893331303
        ],
        [
          0.0,
          0.0,
          0.0,
          1.0
        ]
      ]
    },
    {
      "file_path": "./images/frame_00002.jpg",
      "sharpness": 378.53670908541847,
      "transform_matrix": [
        [
          -0.02863912610863461,
          -0.6948619968505276,
          0.7185726169488296,
          3.6620670564440587
        ],
        [
          0.9719659711826223,
          -0.18718978826433785,
          -0.14227485383118246,
          -0.43786960915374523
        ],
        [
          0.23337084505395495,
          0.6943535040169487,
          0.6807431675590703,
          3.745064378093004
        ],
        [
          0.0,
          0.0,
          0.0,
          1.0
        ]
      ]
    },
    {
      "file_path": "./images/frame_00011.jpg",
      "sharpness": 294.79331789775205,
      "transform_matrix": [
        [
          0.039283105836094484,
          -0.2530021380871078,
          0.9666678621736012,
          4.098650204708978
        ],
        [
          0.9978367251458592,
          -0.04110261399212599,
          -0.05130735886119384,
          -0.12442924375934729
        ],
        [
          0.052713447488999726,
          0.9665922063033702,
          0.25084018658814716,
          1.2184047613124063
        ],
        [
          0.0,
          0.0,
          0.0,
          1.0
        ]
      ]
    },
    {
      "file_path": "./images/frame_00013.jpg",
      "sharpness": 204.0629674060288,
      "transform_matrix": [
        [
          0.0474752178866722,
          -0.1599638719979387,
          0.9859805593327378,
          4.005175161677462
        ],
        [
          0.998634128539785,
          -0.013958641380184158,
          -0.05034911763391627,
          -0.11676955405812728
        ],
        [
          0.021816988843960005,
          0.9870241719564903,
          0.15908269236958494,
          0.6074864766310764
        ],
        [
          0.0,
          0.0,
          0.0,
          1.0
        ]
      ]
    },
    {
      "file_path": "./images/frame_00009.jpg",
      "sharpness": 300.33629416701183,
      "transform_matrix": [
        [
          0.010617205660458413,
          -0.46296592050847024,
          0.8863124908471992,
          4.154948866570662
        ],
        [
          0.9919603527152006,
          -0.10690271231653681,
          -0.06772347259712078,
          -0.15785648780686967
        ],
        [
          0.12610286906254747,
          0.8799058850732798,
          0.4581088297203741,
          1.8561757515208268
        ],
        [
          0.0,
          0.0,
          0.0,
          1.0
        ]
      ]
    },
    {
      "file_path": "./images/frame_00010.jpg",
      "sharpness": 269.5773203578488,
      "transform_matrix": [
        [
          0.040099621589119804,
          -0.31518459712972235,
          0.9481828358078639,
          4.130416154205167
        ],
        [
          0.996466267794712,
          -0.057477776637816266,
          -0.061247712938204926,
          -0.12544829816700057
        ],
        [
          0.07380377697592061,
          0.9472882216964894,
          0.31176598207527395,
          1.5371989080281152
        ],
        [
          0.0,
          0.0,
          0.0,
          1.0
        ]
      ]
    },
    {
      "file_path": "./images/frame_00012.jpg",
      "sharpness": 290.11347616455686,
      "transform_matrix": [
        [
          0.04350541626738205,
          -0.2155816952164447,
          0.9755161769458589,
          4.102637992808751
        ],
        [
          0.9981191479963913,
          -0.03283413851031291,
          -0.051769544631504114,
          -0.11734968356149336
        ],
        [
          0.04319079946513428,
          0.9759336309790643,
          0.2137477550893834,
          0.8984931473838208
        ],
        [
          0.0,
          0.0,
          0.0,
          1.0
        ]
      ]
    },
    {
      "file_path": "./images/frame_00015.jpg",
      "sharpness": 264.2018177858777,
      "transform_matrix": [
        [
          0.044416219034033984,
          -0.08525837407069776,
          0.9953683786305451,
          3.8943628578596967
        ],
        [
          0.9990107292527143,
          0.001614125095409645,
          -0.044440493226856254,
          -0.1303687881187103
        ],
        [
          0.002182275116296838,
          0.9963575684919371,
          0.08524572378905446,
          -0.060603301190001034
        ],
        [
          0.0,
          0.0,
          0.0,
          1.0
        ]
      ]
    },
    {
      "file_path": "./images/frame_00014.jpg",
      "sharpness": 277.2585226887091,
      "transform_matrix": [
        [
          0.042916156622370485,
          -0.12580617124704624,
          0.9911261326475965,
          3.915446251403652
        ],
        [
          0.9990048279568121,
          -0.006658038078438441,
          -0.04410242904916564,
          -0.13854944855608234
        ],
        [
          0.012147313273073179,
          0.9920324983816137,
          0.12539523505758868,
          0.2828831679174785
        ],
        [
          0.0,
          0.0,
          0.0,
          1.0
        ]
      ]
    },
    {
      "file_path": "./images/frame_00016.jpg",
      "sharpness": 269.0531317810767,
      "transform_matrix": [
        [
          0.04464268386810681,
          -0.019346616257210198,
          0.9988156683074744,
          3.788383481467243
        ],
        [
          0.998750409915515,
          0.02334693456140769,
          -0.044187547344093615,
          -0.1279476433432694
        ],
        [
          -0.022464404525069797,
          0.9995402088591184,
          0.020364710736281016,
          -0.36544519733052383
        ],
        [
          0.0,
          0.0,
          0.0,
          1.0
        ]
      ]
    },
    {
      "file_path": "./images/frame_00017.jpg",
      "sharpness": 241.85824523931242,
      "transform_matrix": [
        [
          0.03844574760325143,
          0.034225794685843206,
          0.9986743811219991,
          3.7205799179215187
        ],
        [
          0.9985215202169959,
          0.03711786198960263,
          -0.03971193756252641,
          -0.14436054172200524
        ],
        [
          -0.03842783047263026,
          0.9987246163680712,
          -0.032748168586718335,
          -0.6751422853512636
        ],
        [
          0.0,
          0.0,
          0.0,
          1.0
        ]
      ]
    },
    {
      "file_path": "./images/frame_00018.jpg",
      "sharpness": 264.9228450304936,
      "transform_matrix": [
        [
          0.038297015332442896,
          0.03988653168567575,
          0.9984700312211542,
          3.7034250705428584
        ],
        [
          0.9986014329119213,
          0.034918874282831636,
          -0.03969698231839953,
          -0.13348055679531193
        ],
        [
          -0.03644882443845504,
          0.9985938798375549,
          -0.03849345903140138,
          -1.0193848929289941
        ],
        [
          0.0,
          0.0,
          0.0,
          1.0
        ]
      ]
    },
    {
      "file_path": "./images/frame_00020.jpg",
      "sharpness": 267.0561764958132,
      "transform_matrix": [
        [
          0.034063096702122805,
          0.08939598758853026,
          0.9954135135139525,
          3.451792848375398
        ],
        [
          0.9981697707335987,
          0.04675367114626424,
          -0.0383562645221304,
          -0.15897521921967958
        ],
        [
          -0.04996813221254158,
          0.9948982117168976,
          -0.08763979761431252,
          -1.6520875752448572
        ],
        [
          0.0,
          0.0,
          0.0,
          1.0
        ]
      ]
    },
    {
      "file_path": "./images/frame_00019.jpg",
      "sharpness": 282.43301998419673,
      "transform_matrix": [
        [
          0.03737321761783671,
          0.05872070512369268,
          0.9975746194820339,
          3.5677609029462563
        ],
        [
          0.9983821466399762,
          0.04061420658322929,
          -0.039794164073117394,
          -0.14434718588916845
        ],
        [
          -0.042852443052011024,
          0.9974479259858547,
          -0.057107820052594606,
          -1.3264590722226632
        ],
        [
          0.0,
          0.0,
          0.0,
          1.0
        ]
      ]
    },
    {
      "file_path": "./images/frame_00021.jpg",
      "sharpness": 229.95398311537113,
      "transform_matrix": [
        [
          0.03555361314402422,
          0.13821481839490735,
          0.9897639135715781,
          3.297712079052547
        ],
        [
          0.9968754882577435,
          0.06499658215749265,
          -0.04488546779125543,
          -0.1719430994044597
        ],
        [
          -0.07053510830431538,
          0.9882672251592008,
          -0.13547210123416736,
          -1.9344104619397713
        ],
        [
          0.0,
          0.0,
          0.0,
          1.0
        ]
      ]
    },
    {
      "file_path": "./images/frame_00023.jpg",
      "sharpness": 324.98086762898697,
      "transform_matrix": [
        [
          0.027920525104751567,
          0.19922728016128674,
          0.9795554783459022,
          3.0190304885152766
        ],
        [
          0.9958898949113136,
          0.07892158331995235,
          -0.044437606820290285,
          -0.23965020949015137
        ],
        [
          -0.08616125284447498,
          0.9767701237065233,
          -0.19620490305489927,
          -2.186302845402602
        ],
        [
          0.0,
          0.0,
          0.0,
          1.0
        ]
      ]
    },
    {
      "file_path": "./images/frame_00022.jpg",
      "sharpness": 301.23288614310974,
      "transform_matrix": [
        [
          0.033193844996939906,
          0.16684755176064386,
          0.9854237987616581,
          3.2579846379561825
        ],
        [
          0.9961735081097582,
          0.07423489638566916,
          -0.0461250680109676,
          -0.18133741360125905
        ],
        [
          -0.08084868826946733,
          0.9831841509452749,
          -0.16374496931293536,
          -1.9701587210239755
        ],
        [
          0.0,
          0.0,
          0.0,
          1.0
        ]
      ]
    },
    {
      "file_path": "./images/frame_00024.jpg",
      "sharpness": 297.24766998709333,
      "transform_matrix": [
        [
          0.023970333110214587,
          0.23961576766013062,
          0.9705718453877025,
          2.961104704654529
        ],
        [
          0.9946199145796324,
          0.0921546059719829,
          -0.04731547442289197,
          -0.25194597812772906
        ],
        [
          -0.1007801997052486,
          0.9664842536360975,
          -0.23611763775926323,
          -2.2544387390436986
        ],
        [
          0.0,
          0.0,
          0.0,
          1.0
        ]
      ]
    },
    {
      "file_path": "./images/frame_00025.jpg",
      "sharpness": 322.40597780836646,
      "transform_matrix": [
        [
          0.009764251775587734,
          0.35146965141161396,
          0.9361483555312798,
          2.681265617330276
        ],
        [
          0.9900183336239525,
          0.1282370972093867,
          -0.058471753760874795,
          -0.31309280917108806
        ],
        [
          -0.1405999945824326,
          0.9273749678933627,
          -0.3467092593057946,
          -2.439568245886312
        ],
        [
          0.0,
          0.0,
          0.0,
          1.0
        ]
      ]
    },
    {
      "file_path": "./images/frame_00028.jpg",
      "sharpness": 351.2129759610462,
      "transform_matrix": [
        [
          -0.1006739348903456,
          0.7421873642283229,
          0.6625878622896495,
          1.9626297127904058
        ],
        [
          0.9590568808373392,
          0.2495870521698366,
          -0.13385142026827854,
          -0.482894091113441
        ],
        [
          -0.2647161841595185,
          0.6219840993191226,
          -0.7369268091733209,
          -2.8112952262038
        ],
        [
          0.0,
          0.0,
          0.0,
          1.0
        ]
      ]
    },
    {
      "file_path": "./images/frame_00027.jpg",
      "sharpness": 253.19538688779036,
      "transform_matrix": [
        [
          -0.05487546302696282,
          0.6238240267231323,
          0.7796359838287168,
          2.2020308672099675
        ],
        [
          0.9706399997834235,
          0.2164652186565153,
          -0.104884698276407,
          -0.41726300548191125
        ],
        [
          -0.23419366853239965,
          0.7509902747922937,
          -0.6173871822664447,
          -2.6974493800831483
        ],
        [
          0.0,
          0.0,
          0.0,
          1.0
        ]
      ]
    },
    {
      "file_path": "./images/frame_00026.jpg",
      "sharpness": 280.18632392910774,
      "transform_matrix": [
        [
          -0.009510527850708363,
          0.4706095934393921,
          0.8822902926264513,
          2.397078560788027
        ],
        [
          0.9842644650952548,
          0.160095945268699,
          -0.07478469802963449,
          -0.3855304821871273
        ],
        [
          -0.17644549473464283,
          0.8676957409772924,
          -0.46472689670158235,
          -2.5842592153368833
        ],
        [
          0.0,
          0.0,
          0.0,
          1.0
        ]
      ]
    },
    {
      "file_path": "./images/frame_00029.jpg",
      "sharpness": 277.7144905027147,
      "transform_matrix": [
        [
          -0.1349326952202134,
          0.8105749996339671,
          0.5698783534834972,
          1.9420573431283026
        ],
        [
          0.9483457247196385,
          0.2723003755210258,
          -0.16276637213258127,
          -0.48880363449703834
        ],
        [
          -0.28711244168664946,
          0.5184791948532762,
          -0.8054475590460232,
          -2.90121064707648
        ],
        [
          0.0,
          0.0,
          0.0,
          1.0
        ]
      ]
    },
    {
      "file_path": "./images/frame_00031.jpg",
      "sharpness": 281.19721134765933,
      "transform_matrix": [
        [
          -0.11958782905808549,
          0.7739281034402165,
          0.6218794432095838,
          2.481073110194181
        ],
        [
          0.9595483355465552,
          0.2509037052907518,
          -0.12772753196283657,
          -0.38946699151707315
        ],
        [
          -0.25488378311453186,
          0.5814487263839916,
          -0.7726264529071125,
          -2.612692264823746
        ],
        [
          0.0,
          0.0,
          0.0,
          1.0
        ]
      ]
    },
    {
      "file_path": "./images/frame_00030.jpg",
      "sharpness": 341.97822613874274,
      "transform_matrix": [
        [
          -0.13863872897140297,
          0.8117784355313776,
          0.5672698427340209,
          2.266260251186194
        ],
        [
          0.9506410557135829,
          0.26964485843386443,
          -0.15353577274386546,
          -0.4138421755302889
        ],
        [
          -0.2775984258339318,
          0.5179839977862961,
          -0.8090931294060146,
          -2.849449154905997
        ],
        [
          0.0,
          0.0,
          0.0,
          1.0
        ]
      ]
    },
    {
      "file_path": "./images/frame_00032.jpg",
      "sharpness": 281.14909374386735,
      "transform_matrix": [
        [
          -0.12168596839252427,
          0.7732965403037131,
          0.6222579737462105,
          2.748276237645163
        ],
        [
          0.9609622286487038,
          0.24872989904847428,
          -0.12118181559112687,
          -0.32563895089776573
        ],
        [
          -0.2484836417363441,
          0.5832202826638145,
          -0.773375705410477,
          -2.427658261239982
        ],
        [
          0.0,
          0.0,
          0.0,
          1.0
        ]
      ]
    },
    {
      "file_path": "./images/frame_00034.jpg",
      "sharpness": 292.3128035312856,
      "transform_matrix": [
        [
          -0.08130913812836907,
          0.6711344767599163,
          0.7368631746810755,
          3.089105405383522
        ],
        [
          0.9759190648005462,
          0.20375261503748288,
          -0.07788999181104528,
          -0.2658625024283863
        ],
        [
          -0.2024124576650307,
          0.7127856522177348,
          -0.6715398804350408,
          -1.862995897178246
        ],
        [
          0.0,
          0.0,
          0.0,
          1.0
        ]
      ]
    },
    {
      "file_path": "./images/frame_00036.jpg",
      "sharpness": 249.4945814888156,
      "transform_matrix": [
        [
          -0.04892404330955221,
          0.572063359873046,
          0.8187490154602113,
          3.151139719693639
        ],
        [
          0.985923129636419,
          0.15887658723972115,
          -0.05209426528033447,
          -0.28225796272443954
        ],
        [
          -0.15988126980858597,
          0.8046749296185141,
          -0.5717833831513488,
          -1.2147495091564922
        ],
        [
          0.0,
          0.0,
          0.0,
          1.0
        ]
      ]
    },
    {
      "file_path": "./images/frame_00037.jpg",
      "sharpness": 226.06945830996844,
      "transform_matrix": [
        [
          -0.03687670501343503,
          0.5099035878576683,
          0.8594407715237204,
          3.245791874425139
        ],
        [
          0.9900570527265157,
          0.13546698931554993,
          -0.037890990385263924,
          -0.26985080724096716
        ],
        [
          -0.1357466057582783,
          0.849498102372673,
          -0.5098292195730866,
          -0.9160768174361168
        ],
        [
          0.0,
          0.0,
          0.0,
          1.0
        ]
      ]
    },
    {
      "file_path": "./images/frame_00033.jpg",
      "sharpness": 314.41042993448116,
      "transform_matrix": [
        [
          -0.09307974900589742,
          0.7134400987590998,
          0.6945065772529901,
          2.944530223152203
        ],
        [
          0.9708338813761893,
          0.21982390857201792,
          -0.09570278988762318,
          -0.2859405761087108
        ],
        [
          -0.22094735820967362,
          0.6653425243739084,
          -0.7130929744430874,
          -2.1561484180077883
        ],
        [
          0.0,
          0.0,
          0.0,
          1.0
        ]
      ]
    },
    {
      "file_path": "./images/frame_00035.jpg",
      "sharpness": 234.875972991057,
      "transform_matrix": [
        [
          -0.05840995501614162,
          0.6132216845460848,
          0.7877483372229566,
          3.190310938503453
        ],
        [
          0.9828962237484902,
          0.17337889796652645,
          -0.062086802792387305,
          -0.25466012974752206
        ],
        [
          -0.17465191237910818,
          0.7706483785623967,
          -0.6128603316920076,
          -1.537551529004314
        ],
        [
          0.0,
          0.0,
          0.0,
          1.0
        ]
      ]
    },
    {
      "file_path": "./images/frame_00039.jpg",
      "sharpness": 207.46298430495892,
      "transform_matrix": [
        [
          0.0025338198599263086,
          0.25949776013637255,
          0.9657403855494403,
          3.361533918987827
        ],
        [
          0.9991655121435256,
          0.038712558529689065,
          -0.013023715105970104,
          -0.26470335227316155
        ],
        [
          -0.04076590609872067,
          0.964967486673178,
          -0.2591831217571253,
          -0.2733928389848622
        ],
        [
          0.0,
          0.0,
          0.0,
          1.0
        ]
      ]
    },
    {
      "file_path": "./images/frame_00038.jpg",
      "sharpness": 193.13433925473177,
      "transform_matrix": [
        [
          -0.010516946633717356,
          0.3633796653929657,
          0.9315817799057999,
          3.283962757036553
        ],
        [
          0.9973359134630382,
          0.0710642335557847,
          -0.016460571863888405,
          -0.2644358132535664
        ],
        [
          -0.07218358227961602,
          0.9289268504720208,
          -0.36315896927045893,
          -0.6083666018392077
        ],
        [
          0.0,
          0.0,
          0.0,
          1.0
        ]
      ]
    },
    {
      "file_path": "./images/frame_00040.jpg",
      "sharpness": 193.45507475764185,
      "transform_matrix": [
        [
          -0.00022705632538142458,
          0.20261863610443798,
          0.9792576968238037,
          3.5157634836431093
        ],
        [
          0.999808728476521,
          0.019196806500957297,
          -0.0037401981815334134,
          -0.24411809096587042
        ],
        [
          -0.019556454374802273,
          0.9790695434765985,
          -0.20258423968556832,
          0.03230588473315889
        ],
        [
          0.0,
          0.0,
          0.0,
          1.0
        ]
      ]
    },
    {
      "file_path": "./images/frame_00042.jpg",
      "sharpness": 230.54975239112986,
      "transform_matrix": [
        [
          -0.004789294363926335,
          -0.007575468734630835,
          0.9999598366799561,
          3.6593235038531455
        ],
        [
          0.9985565121787594,
          -0.05353254764659623,
          0.004377022728522068,
          -0.21410123989156934
        ],
        [
          0.05349723960292165,
          0.9985373696842635,
          0.007820916766502576,
          0.6396023066012575
        ],
        [
          0.0,
          0.0,
          0.0,
          1.0
        ]
      ]
    },
    {
      "file_path": "./images/frame_00045.jpg",
      "sharpness": 245.30384345950608,
      "transform_matrix": [
        [
          -0.012714155332415671,
          -0.10384287140978686,
          0.9945124475599145,
          3.72180994080525
        ],
        [
          0.9961628757555594,
          -0.08744444714297173,
          0.00360466786038715,
          -0.20687971405606684
        ],
        [
          0.08659027209257922,
          0.9907422100430834,
          0.10455619569422095,
          1.648919498372838
        ],
        [
          0.0,
          0.0,
          0.0,
          1.0
        ]
      ]
    },
    {
      "file_path": "./images/frame_00044.jpg",
      "sharpness": 253.43686737320593,
      "transform_matrix": [
        [
          -0.0032503658686855114,
          -0.10378363040824891,
          0.994594587367668,
          3.7576406584273796
        ],
        [
          0.996595237263293,
          -0.08227721321607001,
          -0.005328531657777263,
          -0.2114759829144083
        ],
        [
          0.08238548528858819,
          0.9911909091010377,
          0.10369770281636277,
          1.3035684085288006
        ],
        [
          0.0,
          0.0,
          0.0,
          1.0
        ]
      ]
    },
    {
      "file_path": "./images/frame_00041.jpg",
      "sharpness": 227.01006911697502,
      "transform_matrix": [
        [
          -0.011774162285327351,
          0.09000252390920671,
          0.9958719369640404,
          3.562137443340881
        ],
        [
          0.9996954139214926,
          -0.020543753987839544,
          0.013676021224479947,
          -0.24223170945274422
        ],
        [
          0.021689824503621558,
          0.9957296319293798,
          -0.0897332248999909,
          0.3495704108206076
        ],
        [
          0.0,
          0.0,
          0.0,
          1.0
        ]
      ]
    },
    {
      "file_path": "./images/frame_00043.jpg",
      "sharpness": 210.3201845617816,
      "transform_matrix": [
        [
          -0.007351815706555836,
          -0.07769851353595818,
          0.9969497940418953,
          3.7825532306099188
        ],
        [
          0.9968965992992612,
          -0.07871270277132379,
          0.001216851721080246,
          -0.21350821490909813
        ],
        [
          0.07837806524643057,
          0.9938648054220603,
          0.07803606519914393,
          0.9620606170932601
        ],
        [
          0.0,
          0.0,
          0.0,
          1.0
        ]
      ]
    },
    {
      "file_path": "./images/frame_00046.jpg",
      "sharpness": 253.0855475634858,
      "transform_matrix": [
        [
          -0.018370232028805628,
          -0.11837948416853662,
          0.9927984852643851,
          3.575701430777952
        ],
        [
          0.9958090363515248,
          -0.09114405326723211,
          0.007558086714098544,
          -0.22172925790425638
        ],
        [
          0.08959295561804842,
          0.9887765467090126,
          0.1195576974602259,
          1.9331245885023325
        ],
        [
          0.0,
          0.0,
          0.0,
          1.0
        ]
      ]
    },
    {
      "file_path": "./images/frame_00047.jpg",
      "sharpness": 148.46717928905895,
      "transform_matrix": [
        [
          -0.03654856193415587,
          -0.2777114703011847,
          0.9599690317524612,
          3.4158440586138967
        ],
        [
          0.9897858889384822,
          -0.1425178004237377,
          -0.003545507121445757,
          -0.2743914968615444
        ],
        [
          0.137797302875926,
          0.9500342182599077,
          0.28008371515597763,
          2.149313610619908
        ],
        [
          0.0,
          0.0,
          0.0,
          1.0
        ]
      ]
    },
    {
      "file_path": "./images/frame_00048.jpg",
      "sharpness": 240.69422631684031,
      "transform_matrix": [
        [
          -0.04792289532883472,
          -0.33650233567444277,
          0.9404624257401274,
          3.374559137370966
        ],
        [
          0.9867422268689743,
          -0.16211147538010093,
          -0.007723164109012655,
          -0.285208917693504
        ],
        [
          0.15505861413776045,
          0.9276238718762071,
          0.33980991531625426,
          2.2564942691206755
        ],
        [
          0.0,
          0.0,
          0.0,
          1.0
        ]
      ]
    },
    {
      "file_path": "./images/frame_00050.jpg",
      "sharpness": 186.80054350383818,
      "transform_matrix": [
        [
          -0.10333235462504527,
          -0.5502522145449166,
          0.8285800654831839,
          2.9319363162256202
        ],
        [
          0.974037589719132,
          -0.22468085209855532,
          -0.027736050809750043,
          -0.41972534428036384
        ],
        [
          0.20142789852543383,
          0.8042020984343896,
          0.5591831422794504,
          2.6740143043882387
        ],
        [
          0.0,
          0.0,
          0.0,
          1.0
        ]
      ]
    },
    {
      "file_path": "./images/frame_00049.jpg",
      "sharpness": 245.54170918827148,
      "transform_matrix": [
        [
          -0.04660305195643753,
          -0.39336539821175254,
          0.9182003153332684,
          3.135230270480934
        ],
        [
          0.9834482894328251,
          -0.17918837321739836,
          -0.02685123675853042,
          -0.3594801852909575
        ],
        [
          0.1750931682322679,
          0.9017511798894309,
          0.39520525306045007,
          2.490045668372771
        ],
        [
          0.0,
          0.0,
          0.0,
          1.0
        ]
      ]
    },
    {
      "file_path": "./images/frame_00051.jpg",
      "sharpness": 157.76828905891648,
      "transform_matrix": [
        [
          -0.15712344837073636,
          -0.6772723294157736,
          0.7187589399930124,
          2.856490757041162
        ],
        [
          0.9662507621112483,
          -0.25586557107778074,
          -0.0298709600880699,
          -0.4493593075939071
        ],
        [
          0.20413644136930512,
          0.6898079452873391,
          0.6946173853019403,
          2.85545303168175
        ],
        [
          0.0,
          0.0,
          0.0,
          1.0
        ]
      ]
    },
    {
      "file_path": "./images/frame_00052.jpg",
      "sharpness": 164.05812725321607,
      "transform_matrix": [
        [
          -0.20604814960657872,
          -0.8028439829922972,
          0.5594512481502094,
          2.8402922781203275
        ],
        [
          0.9538157897051744,
          -0.2924903429568388,
          -0.06844588071020229,
          -0.48208109995818976
        ],
        [
          0.21858545092788076,
          0.5195102869874078,
          0.8260323615918957,
          3.071358072349841
        ],
        [
          0.0,
          0.0,
          0.0,
          1.0
        ]
      ]
    }
  ]
}